full_url,firepower,kills_per_round,rounds_with_a_kill,kills_per_round_win,rating_1.0,damage_per_round,rounds_with_a_multi_kill,damage_per_round_win,pistol_round_rating,entrying,saved_by_teammate_per_round,traded_deaths_per_round,traded_deaths_percentage,opening_deaths_traded_percentage,assists_per_round,support_rounds,trading,saved_teammate_per_round,trade_kills_per_round,trade_kills_percentage,assisted_kills_percentage,damage_per_kill,opening,opening_kills_per_round,opening_deaths_per_round,opening_attempts,opening_success,win_after_opening_kill,attacks_per_round,clutching,clutch_points_per_round,last_alive_percentage,1on1_win_percentage,time_alive_per_round,saves_per_round_loss,sniping,sniper_kills_per_round,sniper_kills_percentage,rounds_with_sniper_kills_percentage,sniper_multi_kill_rounds,sniper_opening_kills_per_round,utility,utility_damage_per_round,utility_kills_per_100_rounds,flashes_thrown_per_round,flash_assists_per_round,time_opponent_flashed_per_round,player_name,map,age,role,cluster_group
https://www.hltv.org/stats/players/2553/snax?maps=de_mirage,0.55,0.68,0.47,0.68,0.65,0.72,0.16,0.37,0.2,0.03,0.07,0.08,0.12,0.14,0.12,0.18,0.05,0.07,0.08,0.12,0.19,0.72,0.57,0.11,0.1,0.21,0.51,0.74,0.02,0.53,0.03,0.08,0.7,0.72,0.06,0.4,0.15,0.22,0.12,0.04,0.03,0.35,0.36,1.06,0.48,0.02,1.67,Snax,de_mirage,31,Entry,0
https://www.hltv.org/stats/players/7998/s1mple?maps=de_mirage,0.98,0.87,0.55,0.86,0.81,0.86,0.23,0.52,0.27,0.04,0.07,0.08,0.13,0.12,0.1,0.13,0.22,0.1,0.11,0.13,0.16,0.75,0.86,0.14,0.08,0.22,0.64,0.76,0.02,0.59,0.03,0.1,0.59,0.87,0.08,0.93,0.39,0.44,0.29,0.11,0.09,0.3,0.19,0.5,0.52,0.03,1.79,s1mple,de_mirage,27,AWP,3
https://www.hltv.org/stats/players/3741/niko?maps=de_mirage,0.97,0.81,0.52,0.83,0.76,0.88,0.21,0.58,0.26,0.07,0.08,0.1,0.15,0.15,0.14,0.14,0.17,0.09,0.11,0.14,0.15,0.9,0.87,0.14,0.11,0.25,0.56,0.75,0.03,0.45,0.02,0.08,0.58,0.88,0.05,0.09,0.05,0.06,0.04,0.01,0.01,0.47,0.35,0.71,0.61,0.03,1.83,NiKo,de_mirage,28,Entry,2
https://www.hltv.org/stats/players/3972/hunter?maps=de_mirage,0.94,0.79,0.52,0.78,0.73,0.86,0.2,0.65,0.23,0.37,0.09,0.13,0.2,0.23,0.14,0.16,0.42,0.1,0.15,0.19,0.18,1.08,0.61,0.11,0.1,0.2,0.53,0.74,0.03,0.44,0.02,0.09,0.52,1.05,0.06,0.01,0.01,0.02,0.01,0.003,0.002,0.72,0.58,1.37,0.66,0.03,1.81,huNter-,de_mirage,29,Entry,2
https://www.hltv.org/stats/players/11617/malbsmd?maps=de_mirage,0.94,0.79,0.52,0.79,0.76,0.84,0.2,0.65,0.25,0.64,0.11,0.15,0.22,0.25,0.14,0.14,0.36,0.1,0.14,0.18,0.18,1.06,0.83,0.13,0.12,0.25,0.53,0.76,0.03,0.34,0.02,0.08,0.71,0.97,0.03,0.0,0.0,0.0,0.0,0.0002,0.0,0.56,0.43,1.04,0.58,0.03,2.21,malbsMd,de_mirage,22,Entry,2
https://www.hltv.org/stats/players/19230/m0nesy?maps=de_mirage,0.92,0.8,0.53,0.79,0.79,0.81,0.2,0.63,0.25,0.15,0.07,0.11,0.18,0.22,0.1,0.15,0.46,0.09,0.16,0.2,0.18,1.01,0.85,0.14,0.09,0.23,0.62,0.75,0.02,0.63,0.03,0.11,0.61,1.18,0.08,0.94,0.44,0.55,0.35,0.12,0.1,0.52,0.25,0.56,0.67,0.06,2.44,m0NESY,de_mirage,19,AWP,3
https://www.hltv.org/stats/players/7716/chopper?maps=de_mirage,0.38,0.63,0.44,0.64,0.6,0.71,0.15,0.53,0.2,0.43,0.1,0.14,0.2,0.23,0.13,0.19,0.08,0.07,0.1,0.15,0.18,1.09,0.47,0.1,0.11,0.21,0.46,0.75,0.02,0.48,0.02,0.08,0.56,1.03,0.06,0.0,0.01,0.01,0.0,0.0009,0.001,0.53,0.3,0.69,0.72,0.04,2.12,chopper,de_mirage,28,Support,1
https://www.hltv.org/stats/players/16920/sh1ro?maps=de_mirage,0.9,0.8,0.52,0.76,0.81,0.8,0.2,0.6,0.28,0.12,0.08,0.09,0.17,0.21,0.1,0.18,0.62,0.11,0.17,0.22,0.19,1.0,0.62,0.11,0.06,0.17,0.67,0.78,0.02,0.85,0.04,0.15,0.69,1.2,0.13,0.95,0.45,0.56,0.36,0.12,0.1,0.53,0.28,0.88,0.68,0.06,2.12,sh1ro,de_mirage,23,AWP,3
https://www.hltv.org/stats/players/18317/magixx?maps=de_mirage,0.3,0.63,0.45,0.59,0.67,0.69,0.14,0.51,0.23,0.42,0.09,0.13,0.21,0.3,0.12,0.22,0.26,0.08,0.12,0.2,0.18,1.1,0.29,0.08,0.08,0.16,0.5,0.74,0.02,0.48,0.02,0.1,0.67,1.17,0.11,0.02,0.02,0.03,0.02,0.003,0.001,0.55,0.42,0.8,0.59,0.03,2.29,magixx,de_mirage,21,Anchor,1
https://www.hltv.org/stats/players/20423/zont1x?maps=de_mirage,0.69,0.7,0.48,0.68,0.72,0.78,0.17,0.58,0.25,0.38,0.09,0.13,0.2,0.22,0.17,0.21,0.37,0.09,0.14,0.2,0.21,1.12,0.46,0.1,0.09,0.18,0.53,0.76,0.03,0.56,0.03,0.09,0.77,1.07,0.06,0.0,0.0,0.01,0.0,0.0003,0.0,0.51,0.51,1.45,0.44,0.03,2.33,zont1x,de_mirage,19,Anchor,1
https://www.hltv.org/stats/players/21167/donk?maps=de_mirage,0.99,0.87,0.54,0.86,0.83,0.92,0.23,0.7,0.27,0.44,0.09,0.14,0.2,0.21,0.15,0.14,0.65,0.13,0.17,0.2,0.19,1.06,0.91,0.15,0.12,0.27,0.56,0.76,0.03,0.41,0.02,0.06,0.42,1.02,0.06,0.02,0.01,0.02,0.01,0.003,0.0004,0.23,0.34,0.68,0.37,0.01,1.62,donk,de_mirage,18,Entry,2
https://www.hltv.org/stats/players/9816/aleksib?maps=de_mirage,0.41,0.63,0.44,0.63,0.62,0.72,0.15,0.55,0.19,0.4,0.09,0.13,0.2,0.24,0.16,0.2,0.18,0.08,0.11,0.18,0.2,1.14,0.51,0.1,0.11,0.21,0.47,0.74,0.03,0.42,0.02,0.09,0.53,1.07,0.05,0.06,0.03,0.05,0.03,0.007,0.008,0.86,0.63,1.62,0.81,0.06,2.1,Aleksib,de_mirage,27,Support,1
https://www.hltv.org/stats/players/14759/im?maps=de_mirage,0.93,0.77,0.51,0.77,0.76,0.86,0.2,0.66,0.24,0.29,0.08,0.13,0.19,0.22,0.14,0.14,0.19,0.08,0.13,0.16,0.15,1.11,0.82,0.13,0.11,0.24,0.55,0.74,0.03,0.41,0.02,0.09,0.57,0.97,0.04,0.0,0.01,0.01,0.0,0.0007,0.0003,0.37,0.32,0.65,0.51,0.03,2.0,iM,de_mirage,25,Entry,2
https://www.hltv.org/stats/players/18987/b1t?maps=de_mirage,0.7,0.7,0.48,0.7,0.71,0.77,0.17,0.59,0.26,0.42,0.09,0.14,0.21,0.23,0.13,0.17,0.28,0.09,0.13,0.19,0.18,1.09,0.71,0.12,0.11,0.23,0.51,0.74,0.02,0.36,0.02,0.07,0.64,1.12,0.06,0.0,0.01,0.01,0.01,0.001,0.0008,0.46,0.31,0.53,0.61,0.03,2.11,b1t,de_mirage,22,Entry,2
https://www.hltv.org/stats/players/19206/jl?maps=de_mirage,0.9,0.77,0.5,0.77,0.74,0.82,0.2,0.64,0.24,0.32,0.08,0.13,0.19,0.24,0.15,0.15,0.29,0.09,0.13,0.17,0.19,1.07,0.67,0.11,0.09,0.2,0.55,0.79,0.03,0.48,0.02,0.09,0.66,1.03,0.05,0.13,0.08,0.1,0.06,0.02,0.02,0.55,0.34,0.91,0.68,0.04,2.25,jL,de_mirage,25,Entry,2
https://www.hltv.org/stats/players/20127/w0nderful?maps=de_mirage,0.82,0.76,0.51,0.72,0.76,0.77,0.19,0.58,0.23,0.12,0.08,0.1,0.17,0.2,0.1,0.18,0.63,0.11,0.16,0.22,0.21,1.01,0.59,0.11,0.06,0.17,0.67,0.76,0.02,0.63,0.02,0.15,0.47,1.2,0.12,0.93,0.39,0.5,0.31,0.1,0.08,0.47,0.25,0.64,0.64,0.05,2.03,w0nderful,de_mirage,20,AWP,3
https://www.hltv.org/stats/players/7322/apex?maps=de_mirage,0.63,0.68,0.46,0.7,0.62,0.76,0.17,0.44,0.18,0.11,0.09,0.1,0.14,0.16,0.16,0.16,0.06,0.08,0.09,0.13,0.18,0.82,0.69,0.11,0.13,0.24,0.47,0.74,0.03,0.28,0.02,0.06,0.6,0.72,0.04,0.0,0.01,0.01,0.01,0.001,0.002,0.45,0.49,0.88,0.4,0.04,2.13,apEX,de_mirage,32,Support,0
https://www.hltv.org/stats/players/11893/zywoo?maps=de_mirage,0.98,0.85,0.54,0.83,0.85,0.87,0.22,0.68,0.26,0.32,0.09,0.12,0.2,0.24,0.12,0.16,0.51,0.11,0.16,0.19,0.18,1.03,0.9,0.15,0.09,0.24,0.62,0.73,0.02,0.82,0.04,0.12,0.66,1.08,0.08,0.92,0.37,0.44,0.27,0.11,0.09,0.51,0.25,0.76,0.69,0.05,2.21,ZywOo,de_mirage,24,AWP,3
https://www.hltv.org/stats/players/16693/flamez?maps=de_mirage,0.74,0.71,0.48,0.7,0.72,0.8,0.17,0.61,0.23,0.75,0.1,0.16,0.24,0.32,0.15,0.18,0.27,0.09,0.13,0.18,0.16,1.12,0.76,0.12,0.13,0.26,0.48,0.73,0.03,0.48,0.02,0.08,0.59,1.02,0.05,0.0,0.01,0.01,0.01,0.001,0.001,0.72,0.47,0.88,0.88,0.05,1.89,flameZ,de_mirage,21,Entry,2
https://www.hltv.org/stats/players/18221/spinx?maps=de_mirage,0.83,0.75,0.5,0.73,0.74,0.79,0.19,0.6,0.22,0.31,0.08,0.13,0.2,0.23,0.13,0.18,0.43,0.1,0.15,0.2,0.2,1.06,0.55,0.1,0.09,0.19,0.55,0.77,0.03,0.6,0.03,0.1,0.71,1.07,0.08,0.03,0.02,0.03,0.02,0.006,0.005,0.29,0.28,0.94,0.44,0.03,2.06,Spinx,de_mirage,24,Entry,2
https://www.hltv.org/stats/players/18462/mezii?maps=de_mirage,0.61,0.68,0.47,0.64,0.71,0.76,0.16,0.56,0.24,0.19,0.08,0.11,0.18,0.26,0.14,0.21,0.51,0.1,0.15,0.22,0.18,1.12,0.27,0.08,0.06,0.14,0.57,0.69,0.03,0.77,0.03,0.14,0.52,1.12,0.06,0.08,0.05,0.07,0.04,0.01,0.008,0.62,0.39,0.53,0.74,0.05,2.22,mezii,de_mirage,26,Anchor,1
https://www.hltv.org/stats/players/429/karrigan?maps=de_mirage,0.26,0.61,0.42,0.62,0.59,0.66,0.14,0.37,0.18,0.08,0.08,0.1,0.15,0.17,0.13,0.18,0.02,0.06,0.07,0.11,0.18,0.79,0.51,0.1,0.11,0.21,0.46,0.76,0.02,0.35,0.02,0.06,0.64,0.75,0.03,0.19,0.1,0.16,0.07,0.03,0.03,0.55,0.43,0.62,0.63,0.03,1.53,karrigan,de_mirage,34,Support,0
https://www.hltv.org/stats/players/8183/rain?maps=de_mirage,0.66,0.69,0.46,0.7,0.64,0.77,0.17,0.53,0.23,0.32,0.1,0.13,0.18,0.2,0.14,0.17,0.1,0.08,0.1,0.15,0.16,0.98,0.73,0.12,0.13,0.25,0.48,0.75,0.03,0.28,0.02,0.06,0.66,0.87,0.05,0.0,0.0,0.0,0.0,0.0002,0.0003,0.36,0.29,0.63,0.55,0.02,1.71,rain,de_mirage,30,Entry,0
https://www.hltv.org/stats/players/9960/frozen?maps=de_mirage,0.95,0.79,0.51,0.77,0.76,0.86,0.2,0.64,0.26,0.42,0.09,0.13,0.2,0.25,0.14,0.17,0.42,0.1,0.15,0.19,0.18,1.07,0.62,0.11,0.08,0.2,0.57,0.73,0.03,0.68,0.03,0.11,0.59,1.02,0.07,0.06,0.04,0.05,0.02,0.01,0.007,0.5,0.43,1.34,0.54,0.03,1.96,frozen,de_mirage,22,Entry,2
https://www.hltv.org/stats/players/11816/ropz?maps=de_mirage,0.79,0.73,0.49,0.71,0.72,0.79,0.18,0.6,0.24,0.08,0.06,0.1,0.16,0.16,0.12,0.18,0.37,0.09,0.14,0.2,0.16,1.08,0.52,0.1,0.08,0.18,0.55,0.78,0.03,0.6,0.02,0.12,0.62,1.07,0.09,0.06,0.04,0.05,0.03,0.01,0.008,0.22,0.22,0.53,0.4,0.03,2.12,ropz,de_mirage,25,Entry,2
https://www.hltv.org/stats/players/18053/broky?maps=de_mirage,0.67,0.72,0.49,0.7,0.72,0.74,0.17,0.56,0.24,0.29,0.09,0.12,0.19,0.27,0.1,0.19,0.47,0.1,0.15,0.21,0.18,1.03,0.39,0.09,0.05,0.14,0.66,0.75,0.02,0.68,0.03,0.13,0.62,1.15,0.09,0.91,0.31,0.43,0.25,0.08,0.06,0.62,0.34,0.82,0.89,0.05,2.05,broky,de_mirage,24,AWP,3
https://www.hltv.org/stats/players/13666/brollan?maps=de_mirage,0.75,0.71,0.48,0.72,0.71,0.79,0.18,0.6,0.22,0.53,0.09,0.14,0.21,0.26,0.14,0.17,0.26,0.09,0.13,0.18,0.18,1.1,0.77,0.12,0.12,0.25,0.5,0.76,0.03,0.43,0.02,0.08,0.71,1.0,0.04,0.0,0.01,0.01,0.01,0.002,0.001,0.5,0.41,0.99,0.56,0.03,2.05,Brollan,de_mirage,22,Entry,2
https://www.hltv.org/stats/players/16820/siuhy?maps=de_mirage,0.56,0.66,0.46,0.68,0.65,0.75,0.16,0.59,0.17,0.5,0.1,0.15,0.21,0.21,0.14,0.15,0.13,0.07,0.11,0.17,0.19,1.13,0.67,0.11,0.13,0.24,0.47,0.78,0.03,0.28,0.01,0.07,0.54,0.97,0.03,0.01,0.01,0.01,0.01,0.003,0.001,0.64,0.39,0.5,0.91,0.05,2.05,siuhy,de_mirage,22,Support,1
https://www.hltv.org/stats/players/18072/torzsi?maps=de_mirage,0.78,0.75,0.5,0.74,0.75,0.75,0.19,0.59,0.23,0.17,0.08,0.11,0.18,0.21,0.1,0.17,0.4,0.1,0.14,0.19,0.19,1.0,0.7,0.12,0.08,0.2,0.6,0.78,0.02,0.71,0.03,0.12,0.54,1.08,0.09,0.94,0.42,0.56,0.32,0.11,0.08,0.56,0.22,0.74,0.79,0.08,2.23,torzsi,de_mirage,22,AWP,3
https://www.hltv.org/stats/players/18850/jimpphat?maps=de_mirage,0.76,0.72,0.48,0.68,0.72,0.77,0.18,0.56,0.24,0.19,0.08,0.11,0.18,0.22,0.14,0.21,0.63,0.11,0.16,0.22,0.22,1.07,0.23,0.06,0.06,0.12,0.54,0.8,0.03,0.73,0.03,0.13,0.73,1.15,0.1,0.0,0.0,0.0,0.0,0.0003,0.0,0.44,0.44,0.79,0.45,0.03,2.26,Jimpphat,de_mirage,18,Anchor,1
https://www.hltv.org/stats/players/20312/xertion?maps=de_mirage,0.84,0.74,0.5,0.73,0.74,0.83,0.18,0.64,0.22,0.58,0.1,0.15,0.22,0.24,0.17,0.16,0.16,0.09,0.11,0.15,0.18,1.12,0.79,0.13,0.13,0.26,0.49,0.76,0.03,0.4,0.02,0.07,0.67,0.98,0.06,0.0,0.0,0.0,0.0,0.0003,0.0,0.5,0.45,0.7,0.53,0.03,1.95,xertioN,de_mirage,20,Entry,2
https://www.hltv.org/stats/players/20194/blitz?maps=de_mirage,0.88,0.74,0.49,0.74,0.74,0.84,0.19,0.65,0.22,0.14,0.07,0.11,0.17,0.21,0.19,0.16,0.22,0.08,0.13,0.17,0.19,1.14,0.65,0.11,0.11,0.22,0.51,0.71,0.03,0.46,0.02,0.09,0.65,1.02,0.04,0.03,0.02,0.03,0.02,0.004,0.005,0.73,0.57,0.91,0.64,0.05,2.11,bLitz,de_mirage,23,Support,2
https://www.hltv.org/stats/players/20275/techno?maps=de_mirage,0.32,0.63,0.43,0.61,0.63,0.69,0.14,0.52,0.19,0.41,0.08,0.14,0.2,0.26,0.13,0.19,0.12,0.07,0.11,0.17,0.21,1.1,0.26,0.08,0.1,0.18,0.44,0.73,0.02,0.66,0.03,0.1,0.79,1.07,0.06,0.0,0.0,0.01,0.0,0.0004,0.0004,0.32,0.31,0.57,0.45,0.04,1.93,Techno,de_mirage,19,Anchor,1
https://www.hltv.org/stats/players/20903/senzu?maps=de_mirage,0.82,0.73,0.48,0.73,0.73,0.8,0.18,0.64,0.24,0.29,0.09,0.12,0.18,0.24,0.17,0.15,0.19,0.08,0.12,0.16,0.22,1.1,0.8,0.13,0.13,0.25,0.5,0.77,0.03,0.48,0.02,0.1,0.56,1.02,0.05,0.11,0.06,0.09,0.05,0.01,0.01,0.3,0.36,0.98,0.41,0.02,1.88,Senzu,de_mirage,18,Entry,2
https://www.hltv.org/stats/players/21001/mzinho?maps=de_mirage,0.5,0.65,0.44,0.64,0.67,0.74,0.16,0.56,0.22,0.47,0.08,0.14,0.21,0.29,0.17,0.19,0.09,0.07,0.1,0.16,0.2,1.13,0.34,0.08,0.09,0.18,0.47,0.81,0.02,0.52,0.02,0.08,0.5,1.05,0.04,0.0,0.0,0.0,0.0,0.001,0.0,0.64,0.41,0.94,0.67,0.04,2.59,mzinho,de_mirage,17,Support,1
https://www.hltv.org/stats/players/21809/910?maps=de_mirage,0.76,0.74,0.49,0.7,0.74,0.75,0.19,0.57,0.21,0.19,0.08,0.11,0.18,0.22,0.11,0.17,0.47,0.1,0.15,0.2,0.24,1.01,0.62,0.11,0.08,0.2,0.58,0.71,0.02,0.74,0.03,0.13,0.41,1.08,0.05,0.93,0.37,0.49,0.28,0.1,0.08,0.31,0.25,0.87,0.47,0.03,2.25,910,de_mirage,22,AWP,3
https://www.hltv.org/stats/players/9436/nertz?maps=de_mirage,0.92,0.77,0.51,0.79,0.71,0.85,0.19,0.67,0.22,0.21,0.08,0.12,0.17,0.21,0.15,0.14,0.36,0.1,0.14,0.18,0.17,1.08,0.77,0.12,0.11,0.23,0.53,0.74,0.03,0.42,0.02,0.09,0.7,0.98,0.06,0.02,0.02,0.02,0.01,0.005,0.001,0.39,0.34,0.96,0.52,0.02,2.07,NertZ,de_mirage,25,Entry,2
https://www.hltv.org/stats/players/12018/teses?maps=de_mirage,0.64,0.69,0.47,0.69,0.69,0.76,0.17,0.58,0.21,0.53,0.09,0.14,0.21,0.28,0.15,0.17,0.43,0.1,0.14,0.2,0.2,1.11,0.39,0.09,0.1,0.19,0.49,0.7,0.03,0.48,0.02,0.09,0.66,1.05,0.05,0.0,0.01,0.01,0.01,0.002,0.0005,0.61,0.48,0.64,0.61,0.04,1.99,TeSeS,de_mirage,24,Support,1
https://www.hltv.org/stats/players/14148/sjuush?maps=de_mirage,0.6,0.68,0.46,0.68,0.69,0.76,0.16,0.58,0.22,0.41,0.09,0.13,0.2,0.26,0.14,0.19,0.29,0.09,0.13,0.19,0.17,1.12,0.52,0.1,0.09,0.2,0.52,0.73,0.03,0.38,0.02,0.09,0.59,1.02,0.06,0.03,0.02,0.03,0.01,0.005,0.003,0.61,0.36,0.94,0.75,0.04,2.31,sjuush,de_mirage,26,Support,1
https://www.hltv.org/stats/players/17306/degster?maps=de_mirage,0.83,0.77,0.51,0.75,0.75,0.77,0.2,0.6,0.26,0.12,0.07,0.1,0.17,0.2,0.08,0.16,0.37,0.1,0.14,0.19,0.16,1.0,0.75,0.13,0.07,0.2,0.64,0.72,0.02,0.7,0.03,0.14,0.51,1.1,0.11,0.94,0.41,0.54,0.33,0.11,0.1,0.39,0.22,0.84,0.53,0.05,2.36,degster,de_mirage,23,AWP,3
https://www.hltv.org/stats/players/19677/kyxsan?maps=de_mirage,0.52,0.66,0.46,0.64,0.67,0.73,0.16,0.55,0.2,0.29,0.08,0.13,0.19,0.24,0.14,0.2,0.19,0.07,0.12,0.18,0.2,1.11,0.23,0.07,0.09,0.17,0.44,0.74,0.03,0.68,0.03,0.11,0.68,1.08,0.05,0.0,0.01,0.01,0.01,0.001,0.001,0.79,0.52,1.06,0.89,0.06,2.12,kyxsan,de_mirage,24,Support,1
https://www.hltv.org/stats/players/4679/jks?maps=de_mirage,0.62,0.68,0.46,0.68,0.66,0.76,0.16,0.57,0.21,0.23,0.08,0.12,0.18,0.22,0.13,0.19,0.41,0.1,0.14,0.2,0.17,1.09,0.28,0.08,0.07,0.15,0.54,0.73,0.03,0.62,0.03,0.12,0.65,1.05,0.07,0.01,0.01,0.02,0.01,0.003,0.002,0.58,0.42,0.87,0.64,0.04,2.18,jks,de_mirage,29,Anchor,1
https://www.hltv.org/stats/players/8520/naf?maps=de_mirage,0.82,0.73,0.5,0.71,0.7,0.82,0.18,0.54,0.21,0.14,0.08,0.1,0.17,0.2,0.15,0.19,0.3,0.09,0.13,0.18,0.19,1.01,0.41,0.09,0.07,0.16,0.56,0.76,0.03,0.58,0.03,0.12,0.59,1.0,0.08,0.09,0.05,0.07,0.04,0.01,0.01,0.69,0.56,1.54,0.62,0.04,1.98,NAF,de_mirage,27,Anchor,1
https://www.hltv.org/stats/players/10394/twistzz?maps=de_mirage,0.8,0.73,0.48,0.72,0.71,0.79,0.18,0.59,0.25,0.53,0.09,0.14,0.22,0.28,0.12,0.19,0.52,0.1,0.15,0.21,0.17,1.07,0.39,0.09,0.08,0.17,0.52,0.76,0.03,0.64,0.03,0.11,0.62,1.07,0.08,0.03,0.02,0.03,0.02,0.005,0.003,0.55,0.33,0.92,0.75,0.03,1.86,Twistzz,de_mirage,25,Anchor,2
https://www.hltv.org/stats/players/13915/yekindar?maps=de_mirage,0.91,0.77,0.5,0.79,0.74,0.84,0.2,0.67,0.21,0.18,0.08,0.12,0.17,0.18,0.13,0.14,0.16,0.08,0.12,0.16,0.16,1.1,0.88,0.15,0.14,0.29,0.53,0.72,0.03,0.32,0.02,0.07,0.73,0.97,0.06,0.09,0.05,0.07,0.04,0.01,0.01,0.44,0.3,0.75,0.59,0.03,2.06,YEKINDAR,de_mirage,25,Entry,2
https://www.hltv.org/stats/players/21763/ultimate?maps=de_mirage,0.66,0.72,0.5,0.74,0.71,0.73,0.17,0.61,0.25,0.09,0.07,0.1,0.16,0.17,0.1,0.16,0.3,0.08,0.14,0.19,0.21,1.01,0.81,0.13,0.1,0.23,0.56,0.72,0.02,0.49,0.02,0.13,0.48,1.07,0.08,0.94,0.4,0.55,0.35,0.11,0.11,0.47,0.22,0.58,0.63,0.06,2.27,ultimate,de_mirage,21,AWP,3
https://www.hltv.org/stats/players/2023/fallen?maps=de_mirage,0.59,0.7,0.48,0.67,0.69,0.72,0.17,0.48,0.19,0.12,0.08,0.1,0.16,0.18,0.1,0.18,0.12,0.08,0.11,0.16,0.19,0.93,0.63,0.11,0.08,0.19,0.6,0.72,0.02,0.58,0.03,0.09,0.61,1.0,0.07,0.93,0.38,0.55,0.28,0.1,0.08,0.58,0.27,0.91,0.96,0.06,1.96,FalleN,de_mirage,33,AWP,3
https://www.hltv.org/stats/players/10566/chelo?maps=de_mirage,0.61,0.69,0.46,0.69,0.65,0.75,0.16,0.58,0.21,0.41,0.09,0.13,0.2,0.26,0.13,0.18,0.26,0.09,0.13,0.18,0.18,1.09,0.73,0.12,0.13,0.24,0.48,0.76,0.02,0.38,0.02,0.08,0.64,1.02,0.06,0.05,0.03,0.04,0.03,0.007,0.008,0.4,0.28,0.68,0.59,0.03,1.88,chelo,de_mirage,26,Entry,1
https://www.hltv.org/stats/players/12553/yuurih?maps=de_mirage,0.79,0.72,0.48,0.72,0.72,0.82,0.18,0.62,0.22,0.36,0.09,0.13,0.2,0.26,0.16,0.18,0.45,0.1,0.14,0.2,0.19,1.14,0.41,0.09,0.08,0.17,0.53,0.78,0.03,0.43,0.02,0.1,0.56,1.07,0.08,0.0,0.01,0.01,0.01,0.001,0.0,0.68,0.44,0.83,0.85,0.04,2.06,yuurih,de_mirage,25,Support,2
https://www.hltv.org/stats/players/15631/kscerato?maps=de_mirage,0.75,0.72,0.48,0.7,0.74,0.77,0.18,0.56,0.24,0.09,0.06,0.09,0.16,0.23,0.12,0.22,0.31,0.08,0.14,0.19,0.2,1.07,0.32,0.08,0.06,0.14,0.59,0.74,0.03,0.86,0.04,0.15,0.68,1.15,0.11,0.04,0.03,0.04,0.02,0.006,0.003,0.69,0.46,1.53,0.74,0.04,2.08,KSCERATO,de_mirage,25,Anchor,1
https://www.hltv.org/stats/players/18676/skullz?maps=de_mirage,0.58,0.68,0.45,0.68,0.67,0.73,0.17,0.56,0.21,0.25,0.08,0.12,0.19,0.25,0.13,0.2,0.36,0.08,0.14,0.2,0.21,1.08,0.33,0.09,0.08,0.17,0.51,0.72,0.02,0.6,0.03,0.11,0.67,1.07,0.09,0.0,0.0,0.0,0.0,0.0003,0.0007,0.54,0.31,0.72,0.65,0.04,2.61,skullz,de_mirage,22,Support,1
https://www.hltv.org/stats/players/7592/device?maps=de_mirage,0.85,0.76,0.5,0.75,0.72,0.79,0.19,0.42,0.22,0.05,0.08,0.07,0.11,0.11,0.13,0.15,0.06,0.08,0.09,0.11,0.2,0.73,0.74,0.12,0.09,0.21,0.57,0.8,0.02,0.47,0.02,0.08,0.54,0.73,0.08,0.75,0.24,0.32,0.18,0.06,0.06,0.3,0.38,0.81,0.4,0.02,1.75,device,de_mirage,29,Entry,0
https://www.hltv.org/stats/players/7964/cadian?maps=de_mirage,0.58,0.69,0.48,0.69,0.67,0.73,0.16,0.49,0.21,0.1,0.08,0.1,0.15,0.18,0.11,0.17,0.12,0.08,0.11,0.16,0.18,0.91,0.77,0.12,0.1,0.22,0.56,0.78,0.02,0.54,0.02,0.12,0.54,0.95,0.1,0.92,0.35,0.5,0.26,0.09,0.08,0.64,0.41,0.73,0.75,0.05,1.89,cadiaN,de_mirage,29,AWP,3
https://www.hltv.org/stats/players/10994/stavn?maps=de_mirage,0.83,0.74,0.5,0.74,0.72,0.81,0.18,0.63,0.22,0.31,0.09,0.13,0.19,0.24,0.14,0.15,0.3,0.09,0.13,0.18,0.17,1.1,0.68,0.12,0.1,0.22,0.53,0.7,0.03,0.4,0.02,0.1,0.68,1.03,0.05,0.18,0.1,0.13,0.08,0.02,0.02,0.6,0.41,1.15,0.65,0.04,2.24,stavn,de_mirage,22,Entry,2
https://www.hltv.org/stats/players/17956/jabbi?maps=de_mirage,0.55,0.68,0.46,0.7,0.67,0.71,0.17,0.56,0.23,0.47,0.09,0.14,0.21,0.28,0.12,0.17,0.41,0.09,0.14,0.2,0.21,1.05,0.41,0.09,0.09,0.18,0.51,0.7,0.02,0.62,0.03,0.1,0.75,1.05,0.07,0.0,0.01,0.01,0.01,0.0008,0.001,0.47,0.36,0.83,0.57,0.03,2.31,jabbi,de_mirage,21,Anchor,1
https://www.hltv.org/stats/players/20304/staehr?maps=de_mirage,0.58,0.67,0.46,0.67,0.65,0.75,0.16,0.59,0.2,0.22,0.08,0.12,0.17,0.27,0.14,0.17,0.4,0.1,0.14,0.2,0.17,1.12,0.43,0.1,0.1,0.2,0.48,0.64,0.03,0.44,0.02,0.1,0.55,1.05,0.06,0.0,0.0,0.01,0.0,0.0,0.0,0.68,0.43,0.5,0.81,0.04,2.26,Staehr,de_mirage,20,Support,1
https://www.hltv.org/stats/players/150/maj3r?maps=de_mirage,0.28,0.61,0.43,0.59,0.58,0.69,0.14,0.51,0.2,0.17,0.08,0.12,0.17,0.2,0.13,0.19,0.11,0.07,0.11,0.17,0.19,1.1,0.35,0.09,0.1,0.19,0.46,0.7,0.03,0.49,0.02,0.11,0.48,1.0,0.07,0.13,0.07,0.11,0.05,0.02,0.01,0.66,0.41,0.82,0.77,0.05,2.0,MAJ3R,de_mirage,34,Support,1
https://www.hltv.org/stats/players/7938/xantares?maps=de_mirage,0.98,0.81,0.52,0.83,0.74,0.9,0.22,0.65,0.25,0.24,0.09,0.12,0.18,0.18,0.16,0.14,0.26,0.09,0.13,0.16,0.16,1.02,0.86,0.14,0.11,0.25,0.55,0.75,0.03,0.35,0.02,0.08,0.56,0.92,0.05,0.0,0.01,0.01,0.01,0.001,0.0005,0.42,0.34,0.84,0.55,0.03,1.93,XANTARES,de_mirage,29,Entry,2
https://www.hltv.org/stats/players/8574/woxic?maps=de_mirage,0.83,0.76,0.5,0.75,0.74,0.78,0.19,0.6,0.23,0.19,0.08,0.11,0.18,0.2,0.1,0.15,0.36,0.09,0.14,0.19,0.18,1.03,0.73,0.12,0.08,0.2,0.59,0.79,0.02,0.59,0.02,0.14,0.6,1.07,0.07,0.94,0.43,0.56,0.33,0.11,0.1,0.47,0.22,0.62,0.67,0.05,2.02,woxic,de_mirage,26,AWP,3
https://www.hltv.org/stats/players/8575/calyx?maps=de_mirage,0.79,0.74,0.5,0.71,0.69,0.78,0.18,0.58,0.21,0.33,0.08,0.13,0.19,0.27,0.12,0.17,0.38,0.09,0.14,0.19,0.18,1.04,0.35,0.09,0.07,0.16,0.54,0.74,0.02,0.52,0.02,0.11,0.63,1.02,0.06,0.03,0.02,0.03,0.02,0.006,0.003,0.39,0.27,0.56,0.55,0.03,2.25,Calyx,de_mirage,26,Entry,1
https://www.hltv.org/stats/players/21243/wicadia?maps=de_mirage,0.74,0.7,0.47,0.74,0.67,0.78,0.18,0.63,0.21,0.31,0.08,0.13,0.19,0.24,0.15,0.16,0.25,0.09,0.13,0.18,0.19,1.11,0.45,0.09,0.11,0.21,0.46,0.72,0.03,0.5,0.02,0.08,0.62,1.03,0.05,0.01,0.01,0.02,0.01,0.001,0.002,0.35,0.4,0.98,0.42,0.02,2.1,Wicadia,de_mirage,20,Entry,2
https://www.hltv.org/stats/players/11154/exit?maps=de_mirage,0.68,0.7,0.48,0.7,0.72,0.77,0.17,0.59,0.21,0.33,0.1,0.12,0.19,0.22,0.14,0.21,0.53,0.1,0.15,0.22,0.21,1.09,0.32,0.08,0.06,0.14,0.57,0.79,0.03,0.66,0.03,0.13,0.7,1.13,0.09,0.0,0.0,0.0,0.0,0.001,0.0,0.58,0.36,1.07,0.7,0.04,2.18,exit,de_mirage,28,Anchor,1
https://www.hltv.org/stats/players/18717/lucaozy?maps=de_mirage,0.84,0.74,0.5,0.74,0.74,0.81,0.19,0.62,0.23,0.29,0.09,0.12,0.19,0.21,0.14,0.17,0.27,0.09,0.13,0.17,0.19,1.09,0.71,0.12,0.11,0.23,0.51,0.72,0.03,0.37,0.01,0.11,0.46,1.03,0.12,0.04,0.03,0.04,0.02,0.006,0.005,0.41,0.34,0.74,0.54,0.03,1.87,Lucaozy,de_mirage,23,Entry,2
https://www.hltv.org/stats/players/18835/saffee?maps=de_mirage,0.58,0.7,0.48,0.7,0.7,0.71,0.17,0.56,0.23,0.15,0.08,0.1,0.17,0.23,0.09,0.17,0.29,0.09,0.13,0.19,0.2,1.01,0.69,0.12,0.08,0.2,0.6,0.73,0.02,0.51,0.02,0.12,0.46,1.17,0.09,0.93,0.4,0.56,0.31,0.1,0.09,0.58,0.2,0.64,0.86,0.07,2.42,saffee,de_mirage,30,AWP,3
https://www.hltv.org/stats/players/19750/drop?maps=de_mirage,0.23,0.6,0.43,0.59,0.63,0.66,0.14,0.49,0.21,0.48,0.08,0.14,0.22,0.33,0.13,0.22,0.24,0.09,0.11,0.19,0.24,1.1,0.24,0.08,0.09,0.16,0.47,0.71,0.02,0.47,0.02,0.1,0.46,1.17,0.1,0.0,0.0,0.0,0.0,0.0,0.0,0.45,0.37,0.89,0.56,0.03,1.94,drop,de_mirage,21,Anchor,1
https://www.hltv.org/stats/players/21037/insani?maps=de_mirage,0.89,0.74,0.49,0.75,0.74,0.85,0.19,0.67,0.25,0.51,0.09,0.15,0.21,0.22,0.19,0.17,0.39,0.1,0.14,0.19,0.2,1.14,0.74,0.12,0.12,0.24,0.52,0.66,0.03,0.28,0.01,0.08,0.39,1.08,0.06,0.01,0.01,0.01,0.01,0.002,0.001,0.48,0.37,0.57,0.57,0.04,2.03,insani,de_mirage,20,Entry,2
https://www.hltv.org/stats/players/18141/biguzera?maps=de_mirage,0.71,0.7,0.47,0.69,0.72,0.78,0.17,0.6,0.21,0.32,0.08,0.13,0.2,0.24,0.16,0.18,0.2,0.08,0.12,0.17,0.2,1.13,0.76,0.12,0.12,0.24,0.51,0.74,0.03,0.42,0.02,0.09,0.63,1.05,0.07,0.02,0.02,0.03,0.01,0.004,0.001,0.56,0.4,0.9,0.6,0.04,2.22,biguzera,de_mirage,28,Entry,2
https://www.hltv.org/stats/players/19694/nqz?maps=de_mirage,0.56,0.7,0.49,0.69,0.71,0.71,0.16,0.54,0.21,0.14,0.07,0.1,0.17,0.25,0.09,0.19,0.46,0.09,0.15,0.21,0.22,1.01,0.46,0.1,0.07,0.16,0.58,0.78,0.02,0.7,0.03,0.13,0.58,1.17,0.13,0.92,0.36,0.52,0.27,0.08,0.07,0.58,0.25,0.77,0.79,0.08,2.32,nqz,de_mirage,20,AWP,3
https://www.hltv.org/stats/players/20085/kauez?maps=de_mirage,0.76,0.72,0.48,0.72,0.71,0.78,0.18,0.61,0.21,0.45,0.09,0.14,0.21,0.24,0.14,0.16,0.22,0.08,0.12,0.17,0.17,1.08,0.67,0.11,0.11,0.22,0.5,0.77,0.02,0.34,0.02,0.09,0.63,0.98,0.06,0.02,0.02,0.03,0.01,0.003,0.002,0.33,0.25,0.56,0.5,0.03,2.38,kauez,de_mirage,21,Entry,2
https://www.hltv.org/stats/players/20171/snow?maps=de_mirage,0.58,0.69,0.47,0.67,0.69,0.73,0.16,0.56,0.22,0.67,0.11,0.15,0.22,0.32,0.15,0.2,0.33,0.11,0.12,0.18,0.23,1.07,0.57,0.11,0.1,0.2,0.52,0.73,0.03,0.36,0.01,0.09,0.47,1.05,0.09,0.04,0.03,0.04,0.02,0.005,0.005,0.33,0.3,1.14,0.48,0.03,2.02,snow,de_mirage,17,Support,1
https://www.hltv.org/stats/players/20563/lux?maps=de_mirage,0.73,0.71,0.48,0.71,0.72,0.78,0.17,0.59,0.25,0.24,0.08,0.12,0.18,0.2,0.16,0.18,0.19,0.08,0.12,0.17,0.22,1.1,0.69,0.12,0.11,0.22,0.52,0.72,0.03,0.56,0.03,0.09,0.76,1.05,0.07,0.03,0.02,0.03,0.02,0.003,0.004,0.73,0.55,0.83,0.68,0.04,2.12,lux,de_mirage,22,Anchor,2
https://www.hltv.org/stats/players/8918/electronic?maps=de_mirage,0.87,0.75,0.5,0.74,0.7,0.83,0.19,0.61,0.23,0.34,0.09,0.13,0.2,0.22,0.15,0.16,0.35,0.09,0.14,0.18,0.18,1.06,0.7,0.12,0.11,0.23,0.52,0.72,0.03,0.5,0.02,0.08,0.64,1.02,0.06,0.0,0.01,0.01,0.01,0.002,0.001,0.54,0.41,0.92,0.63,0.03,1.75,electroNic,de_mirage,26,Entry,2
https://www.hltv.org/stats/players/12732/fl1t?maps=de_mirage,0.88,0.75,0.5,0.74,0.74,0.84,0.19,0.64,0.23,0.33,0.08,0.13,0.2,0.21,0.14,0.16,0.43,0.1,0.15,0.2,0.18,1.11,0.56,0.1,0.09,0.2,0.54,0.74,0.03,0.41,0.02,0.09,0.56,0.95,0.08,0.01,0.01,0.02,0.01,0.002,0.001,0.52,0.44,1.08,0.53,0.03,2.26,FL1T,de_mirage,24,Entry,2
https://www.hltv.org/stats/players/16612/n0rb3r7?maps=de_mirage,0.59,0.68,0.46,0.69,0.67,0.75,0.17,0.59,0.21,0.32,0.08,0.13,0.19,0.23,0.12,0.17,0.06,0.06,0.1,0.15,0.15,1.1,0.55,0.1,0.12,0.22,0.46,0.71,0.03,0.49,0.02,0.08,0.72,1.02,0.05,0.08,0.04,0.07,0.04,0.01,0.01,0.45,0.32,0.7,0.58,0.03,2.17,n0rb3r7,de_mirage,24,Entry,1
https://www.hltv.org/stats/players/20101/fame?maps=de_mirage,0.86,0.75,0.5,0.75,0.74,0.82,0.19,0.64,0.25,0.36,0.08,0.13,0.2,0.25,0.12,0.16,0.36,0.1,0.14,0.19,0.16,1.08,0.76,0.12,0.11,0.23,0.54,0.75,0.03,0.46,0.02,0.08,0.5,1.08,0.08,0.01,0.01,0.01,0.01,0.002,0.0003,0.45,0.29,1.0,0.58,0.04,2.44,fame,de_mirage,22,Entry,2
https://www.hltv.org/stats/players/13138/maka?maps=de_mirage,0.79,0.74,0.49,0.77,0.71,0.77,0.19,0.62,0.23,0.14,0.07,0.11,0.17,0.15,0.1,0.14,0.22,0.08,0.13,0.18,0.17,1.05,0.74,0.12,0.1,0.23,0.55,0.7,0.02,0.5,0.02,0.11,0.59,1.02,0.07,0.91,0.32,0.44,0.24,0.08,0.07,0.7,0.39,0.85,0.91,0.07,2.44,Maka,de_mirage,27,AWP,3
https://www.hltv.org/stats/players/13497/lucky?maps=de_mirage,0.55,0.67,0.46,0.7,0.65,0.75,0.16,0.58,0.19,0.17,0.09,0.11,0.17,0.18,0.13,0.17,0.35,0.09,0.13,0.2,0.19,1.12,0.25,0.08,0.09,0.17,0.47,0.65,0.02,0.32,0.01,0.11,0.37,1.05,0.07,0.28,0.12,0.18,0.1,0.03,0.02,0.45,0.43,1.1,0.47,0.04,2.07,Lucky,de_mirage,26,Anchor,1
https://www.hltv.org/stats/players/19738/djoko?maps=de_mirage,0.3,0.62,0.42,0.76,0.58,0.71,0.13,0.66,0.15,0.29,0.09,0.13,0.17,0.27,0.15,0.15,0.12,0.07,0.11,0.17,0.19,1.15,0.53,0.1,0.13,0.23,0.44,0.67,0.02,0.13,0.004,0.05,1.0,0.93,0.04,0.02,0.02,0.03,0.01,0.004,0.0,0.46,0.27,1.28,0.57,0.04,2.58,Djoko,de_mirage,27,Support,1
https://www.hltv.org/stats/players/21969/graviti?maps=de_mirage,0.04,0.51,0.39,0.51,0.52,0.6,0.1,0.47,0.1,0.13,0.06,0.12,0.16,0.17,0.14,0.2,0.01,0.03,0.07,0.13,0.14,1.18,0.27,0.07,0.14,0.22,0.34,0.54,0.02,0.63,0.03,0.09,0.4,0.98,0.04,0.0,0.01,0.01,0.01,0.0,0.0,0.56,0.25,1.24,0.78,0.06,2.21,Graviti,de_mirage,21,Support,1
https://www.hltv.org/stats/players/19739/ex3rcice?maps=de_mirage,0.45,0.67,0.51,0.64,0.62,0.78,0.12,0.59,0.22,0.29,0.1,0.11,0.16,0.43,0.16,0.1,0.93,0.15,0.23,0.34,0.27,1.16,0.1,0.05,0.11,0.16,0.3,0.67,0.03,0.22,0.0,0.16,0.0,1.13,0.1,0.0,0.0,0.0,0.0,0.0,0.0,0.63,0.51,1.64,0.67,0.0,1.69,Ex3rcice,de_mirage,25,Anchor,1
https://www.hltv.org/stats/players/8738/elige?maps=de_mirage,0.92,0.77,0.51,0.78,0.7,0.86,0.2,0.61,0.23,0.3,0.09,0.13,0.18,0.19,0.15,0.14,0.34,0.11,0.13,0.17,0.17,1.01,0.87,0.14,0.12,0.26,0.54,0.74,0.03,0.32,0.02,0.06,0.68,0.92,0.04,0.0,0.0,0.01,0.0,0.0008,0.0001,0.37,0.33,0.74,0.52,0.02,1.68,EliGE,de_mirage,27,Entry,2
https://www.hltv.org/stats/players/11630/jt?maps=de_mirage,0.62,0.68,0.46,0.69,0.67,0.75,0.17,0.58,0.18,0.53,0.11,0.14,0.21,0.25,0.14,0.18,0.45,0.11,0.14,0.2,0.19,1.1,0.46,0.1,0.1,0.2,0.48,0.75,0.03,0.4,0.02,0.11,0.67,0.95,0.05,0.09,0.06,0.08,0.04,0.01,0.01,0.64,0.36,0.91,0.79,0.06,2.21,JT,de_mirage,25,Support,1
https://www.hltv.org/stats/players/12840/hallzerk?maps=de_mirage,0.77,0.74,0.49,0.75,0.69,0.75,0.19,0.6,0.24,0.15,0.09,0.11,0.16,0.17,0.08,0.13,0.4,0.09,0.15,0.2,0.16,1.01,0.77,0.12,0.1,0.22,0.55,0.74,0.02,0.57,0.03,0.11,0.58,1.0,0.05,0.94,0.4,0.54,0.31,0.12,0.09,0.38,0.18,0.49,0.55,0.04,2.23,hallzerk,de_mirage,24,AWP,3
https://www.hltv.org/stats/players/13578/grim?maps=de_mirage,0.84,0.73,0.47,0.75,0.71,0.8,0.19,0.63,0.25,0.79,0.11,0.17,0.24,0.3,0.13,0.16,0.57,0.12,0.15,0.21,0.16,1.09,0.56,0.1,0.11,0.21,0.49,0.71,0.03,0.4,0.02,0.08,0.47,0.98,0.05,0.0,0.0,0.0,0.0,0.0005,0.0,0.42,0.29,0.5,0.57,0.03,2.4,Grim,de_mirage,24,Entry,2
https://www.hltv.org/stats/players/16486/ztr?maps=de_mirage,0.4,0.63,0.44,0.65,0.63,0.71,0.15,0.56,0.18,0.28,0.08,0.13,0.19,0.2,0.14,0.17,0.17,0.08,0.11,0.18,0.2,1.12,0.41,0.09,0.11,0.2,0.45,0.76,0.03,0.65,0.03,0.11,0.76,1.02,0.05,0.01,0.01,0.01,0.01,0.002,0.002,0.71,0.49,1.0,0.7,0.05,2.17,ztr,de_mirage,21,Support,1
https://www.hltv.org/stats/players/20301/tauson?maps=de_mirage,0.37,0.63,0.43,0.64,0.62,0.69,0.15,0.55,0.22,0.18,0.07,0.12,0.17,0.23,0.14,0.19,0.4,0.1,0.13,0.21,0.21,1.11,0.34,0.09,0.1,0.19,0.46,0.67,0.03,0.5,0.02,0.11,0.64,1.07,0.07,0.06,0.03,0.05,0.02,0.01,0.008,0.35,0.41,0.61,0.4,0.02,2.24,Tauson,de_mirage,19,Anchor,1
https://www.hltv.org/stats/players/20358/volt?maps=de_mirage,0.37,0.62,0.43,0.65,0.63,0.71,0.15,0.58,0.2,0.32,0.09,0.12,0.19,0.27,0.14,0.19,0.34,0.08,0.13,0.21,0.2,1.14,0.22,0.07,0.08,0.16,0.47,0.71,0.03,0.48,0.02,0.11,0.57,1.08,0.08,0.01,0.01,0.02,0.01,0.002,0.003,0.46,0.4,0.87,0.53,0.03,2.26,volt,de_mirage,23,Anchor,1
https://www.hltv.org/stats/players/20870/sl3nd?maps=de_mirage,0.8,0.74,0.5,0.72,0.76,0.78,0.18,0.6,0.21,0.14,0.08,0.1,0.17,0.2,0.12,0.19,0.47,0.1,0.15,0.2,0.21,1.05,0.51,0.1,0.07,0.17,0.61,0.71,0.02,0.91,0.04,0.15,0.64,1.13,0.12,0.94,0.4,0.53,0.32,0.11,0.08,0.65,0.41,0.97,0.68,0.06,2.36,sl3nd,de_mirage,20,AWP,3
https://www.hltv.org/stats/players/20994/fl4mus?maps=de_mirage,0.62,0.67,0.46,0.68,0.65,0.76,0.17,0.59,0.2,0.33,0.09,0.13,0.18,0.23,0.15,0.15,0.2,0.09,0.12,0.18,0.19,1.14,0.7,0.12,0.13,0.24,0.48,0.73,0.03,0.26,0.01,0.09,0.47,1.02,0.04,0.0,0.0,0.0,0.0,0.0,0.0,0.37,0.28,0.39,0.5,0.03,2.65,FL4MUS,de_mirage,20,Entry,2
https://www.hltv.org/stats/players/5794/tabsen?maps=de_mirage,0.85,0.73,0.48,0.75,0.67,0.84,0.19,0.45,0.2,0.07,0.08,0.09,0.12,0.13,0.16,0.15,0.08,0.08,0.09,0.12,0.17,0.79,0.71,0.12,0.12,0.24,0.49,0.73,0.03,0.35,0.02,0.05,0.59,0.67,0.03,0.02,0.02,0.02,0.01,0.003,0.003,0.71,0.64,1.09,0.61,0.03,2.03,tabseN,de_mirage,29,Entry,0
https://www.hltv.org/stats/players/7266/syrson?maps=de_mirage,0.75,0.74,0.5,0.76,0.7,0.74,0.19,0.57,0.21,0.06,0.07,0.1,0.15,0.14,0.08,0.13,0.26,0.09,0.13,0.17,0.17,0.94,0.87,0.14,0.1,0.24,0.59,0.74,0.02,0.59,0.03,0.12,0.6,0.95,0.07,0.96,0.5,0.66,0.38,0.14,0.13,0.33,0.16,0.54,0.5,0.05,2.25,syrsoN,de_mirage,28,AWP,3
https://www.hltv.org/stats/players/12708/rigon?maps=de_mirage,0.88,0.76,0.49,0.77,0.71,0.82,0.19,0.65,0.24,0.58,0.1,0.16,0.21,0.25,0.14,0.14,0.29,0.09,0.13,0.18,0.17,1.09,0.71,0.12,0.12,0.24,0.5,0.74,0.03,0.33,0.02,0.07,0.61,0.9,0.03,0.06,0.04,0.05,0.03,0.01,0.005,0.24,0.32,0.81,0.34,0.02,2.19,rigoN,de_mirage,25,Entry,2
https://www.hltv.org/stats/players/14929/jdc?maps=de_mirage,0.69,0.7,0.47,0.7,0.69,0.77,0.17,0.57,0.23,0.43,0.09,0.14,0.21,0.27,0.13,0.17,0.42,0.09,0.14,0.2,0.18,1.09,0.35,0.09,0.11,0.19,0.44,0.72,0.03,0.44,0.02,0.08,0.62,1.02,0.05,0.02,0.02,0.03,0.01,0.002,0.003,0.4,0.26,0.42,0.6,0.03,1.76,JDC,de_mirage,24,Entry,1
https://www.hltv.org/stats/players/19899/krimbo?maps=de_mirage,0.31,0.62,0.45,0.6,0.65,0.7,0.14,0.52,0.2,0.17,0.07,0.11,0.18,0.25,0.11,0.22,0.22,0.08,0.12,0.19,0.17,1.11,0.23,0.08,0.07,0.15,0.51,0.68,0.02,0.63,0.02,0.14,0.59,1.13,0.1,0.06,0.03,0.05,0.03,0.01,0.004,0.66,0.51,0.88,0.6,0.05,2.21,Krimbo,de_mirage,22,Anchor,1
https://www.hltv.org/stats/players/630/mutiris?maps=de_mirage,0.62,0.68,0.46,0.73,0.62,0.76,0.17,0.47,0.21,0.07,0.08,0.09,0.13,0.18,0.14,0.14,0.16,0.1,0.1,0.15,0.2,0.81,0.56,0.1,0.12,0.22,0.47,0.73,0.03,0.34,0.02,0.06,0.67,0.68,0.02,0.0,0.0,0.0,0.0,0.0,0.0,0.47,0.34,0.96,0.67,0.01,1.45,MUTiRiS,de_mirage,32,Entry,0
https://www.hltv.org/stats/players/2241/roman?maps=de_mirage,0.62,0.68,0.45,0.74,0.62,0.74,0.17,0.42,0.23,0.1,0.09,0.09,0.13,0.17,0.13,0.14,0.13,0.09,0.1,0.15,0.22,0.75,0.33,0.08,0.09,0.18,0.48,0.74,0.03,0.34,0.02,0.08,0.57,0.68,0.05,0.02,0.02,0.02,0.01,0.002,0.002,0.33,0.32,0.58,0.52,0.009,0.85,roman,de_mirage,32,Entry,0
https://www.hltv.org/stats/players/20462/story?maps=de_mirage,0.57,0.7,0.5,0.84,0.65,0.71,0.17,0.61,0.14,0.26,0.08,0.12,0.18,0.33,0.07,0.12,0.4,0.09,0.14,0.2,0.18,1.01,0.59,0.11,0.08,0.18,0.59,0.77,0.02,0.79,0.03,0.14,0.0,1.1,0.11,0.95,0.44,0.63,0.29,0.12,0.08,0.51,0.25,2.5,0.66,0.06,1.93,story,de_mirage,22,AWP,3
https://www.hltv.org/stats/players/21014/ag1l?maps=de_mirage,0.56,0.67,0.47,0.61,0.63,0.72,0.18,0.53,0.28,0.13,0.03,0.1,0.14,0.5,0.07,0.13,0.2,0.06,0.12,0.19,0.19,1.07,0.37,0.09,0.1,0.19,0.48,0.64,0.02,0.16,0.0,0.13,0.0,1.03,0.1,0.03,0.02,0.02,0.01,0.008,0.008,0.46,0.39,0.83,0.6,0.0,1.97,Ag1l,de_mirage,22,Anchor,1
https://www.hltv.org/stats/players/21136/shr?maps=de_mirage,0.97,0.83,0.52,0.93,0.76,0.86,0.23,0.76,0.27,0.59,0.11,0.15,0.21,0.24,0.13,0.13,0.69,0.12,0.18,0.22,0.15,1.03,0.76,0.12,0.13,0.25,0.49,0.73,0.02,0.34,0.01,0.13,0.5,0.92,0.06,0.64,0.21,0.25,0.16,0.08,0.05,0.27,0.17,0.6,0.45,0.04,2.07,Shr,de_mirage,24,Entry,2
https://www.hltv.org/stats/players/8507/stanislaw?maps=de_mirage,0.46,0.65,0.45,0.62,0.63,0.72,0.16,0.49,0.21,0.26,0.08,0.12,0.19,0.21,0.13,0.2,0.11,0.08,0.11,0.16,0.18,1.03,0.41,0.09,0.1,0.19,0.47,0.74,0.03,0.46,0.02,0.1,0.63,0.93,0.05,0.05,0.03,0.05,0.02,0.008,0.004,0.69,0.5,1.37,0.67,0.04,1.95,stanislaw,de_mirage,30,Support,1
https://www.hltv.org/stats/players/8711/sonic?maps=de_mirage,0.85,0.75,0.49,0.75,0.7,0.81,0.19,0.61,0.26,0.18,0.08,0.12,0.17,0.18,0.13,0.15,0.56,0.11,0.16,0.21,0.18,1.06,0.53,0.1,0.09,0.19,0.54,0.71,0.03,0.51,0.02,0.12,0.64,0.95,0.05,0.35,0.14,0.19,0.1,0.04,0.03,0.56,0.36,0.8,0.7,0.04,1.92,Sonic,de_mirage,26,Entry,2
https://www.hltv.org/stats/players/16726/phzy?maps=de_mirage,0.68,0.71,0.48,0.71,0.71,0.74,0.17,0.59,0.23,0.07,0.07,0.09,0.15,0.21,0.1,0.17,0.25,0.08,0.13,0.18,0.17,1.05,0.57,0.11,0.08,0.19,0.56,0.73,0.02,0.59,0.02,0.13,0.7,1.08,0.08,0.93,0.36,0.51,0.31,0.09,0.07,0.5,0.24,0.59,0.64,0.07,2.34,phzy,de_mirage,22,AWP,3
https://www.hltv.org/stats/players/21163/susp?maps=de_mirage,0.77,0.71,0.48,0.7,0.72,0.81,0.18,0.61,0.23,0.44,0.09,0.14,0.21,0.21,0.16,0.17,0.29,0.09,0.13,0.18,0.2,1.14,0.82,0.13,0.12,0.25,0.53,0.7,0.03,0.48,0.02,0.1,0.43,1.0,0.04,0.0,0.0,0.0,0.0,0.0,0.0005,0.33,0.42,0.5,0.4,0.02,1.83,susp,de_mirage,20,Entry,2
https://www.hltv.org/stats/players/21665/jba?maps=de_mirage,0.72,0.72,0.47,0.74,0.69,0.76,0.18,0.59,0.29,0.49,0.09,0.14,0.21,0.31,0.13,0.18,0.74,0.12,0.17,0.24,0.21,1.06,0.22,0.08,0.09,0.17,0.46,0.64,0.03,0.56,0.02,0.13,0.55,1.05,0.07,0.0,0.01,0.01,0.01,0.0,0.0,0.42,0.38,1.24,0.51,0.02,1.99,JBa,de_mirage,20,Anchor,1
https://www.hltv.org/stats/players/9115/dexter?maps=de_mirage,0.71,0.7,0.47,0.7,0.65,0.78,0.17,0.59,0.23,0.17,0.08,0.12,0.18,0.15,0.13,0.16,0.19,0.08,0.12,0.17,0.18,1.1,0.71,0.12,0.11,0.23,0.51,0.77,0.03,0.37,0.02,0.08,0.56,0.98,0.03,0.04,0.03,0.04,0.02,0.008,0.006,0.69,0.4,0.91,0.84,0.07,2.21,dexter,de_mirage,30,Support,2
https://www.hltv.org/stats/players/10588/liazz?maps=de_mirage,0.66,0.69,0.47,0.67,0.72,0.77,0.17,0.57,0.23,0.51,0.09,0.13,0.22,0.31,0.16,0.21,0.46,0.1,0.14,0.2,0.21,1.12,0.3,0.08,0.08,0.16,0.52,0.75,0.03,0.65,0.03,0.11,0.67,1.05,0.06,0.0,0.01,0.01,0.0,0.002,0.001,0.54,0.44,1.28,0.58,0.03,1.75,Liazz,de_mirage,27,Anchor,1
https://www.hltv.org/stats/players/11139/alistair?maps=de_mirage,0.73,0.73,0.49,0.7,0.72,0.75,0.18,0.57,0.22,0.18,0.08,0.11,0.18,0.19,0.11,0.17,0.21,0.08,0.12,0.17,0.19,1.03,0.75,0.12,0.1,0.22,0.55,0.76,0.02,0.49,0.02,0.11,0.64,1.02,0.06,0.92,0.33,0.46,0.25,0.09,0.08,0.51,0.3,1.13,0.65,0.05,2.05,aliStair,de_mirage,26,AWP,3
https://www.hltv.org/stats/players/11140/ins?maps=de_mirage,0.86,0.74,0.48,0.72,0.74,0.83,0.19,0.62,0.26,0.24,0.09,0.12,0.18,0.22,0.17,0.17,0.2,0.08,0.13,0.17,0.19,1.13,0.54,0.1,0.09,0.2,0.52,0.74,0.03,0.5,0.02,0.11,0.48,1.03,0.04,0.04,0.03,0.04,0.02,0.006,0.003,0.83,0.79,2.31,0.7,0.04,2.08,INS,de_mirage,26,Anchor,2
https://www.hltv.org/stats/players/17384/vexite?maps=de_mirage,0.95,0.8,0.52,0.78,0.77,0.86,0.21,0.66,0.23,0.41,0.09,0.13,0.2,0.26,0.14,0.15,0.44,0.11,0.15,0.18,0.17,1.07,0.82,0.13,0.1,0.23,0.57,0.76,0.03,0.37,0.02,0.08,0.54,0.98,0.03,0.0,0.01,0.01,0.01,0.001,0.002,0.52,0.36,0.82,0.63,0.04,2.03,Vexite,de_mirage,20,Entry,2
https://www.hltv.org/stats/players/15370/slaxz?maps=de_mirage,0.58,0.7,0.48,0.7,0.69,0.71,0.17,0.56,0.21,0.12,0.08,0.11,0.17,0.17,0.09,0.16,0.26,0.09,0.13,0.18,0.18,1.02,0.82,0.13,0.09,0.23,0.59,0.72,0.02,0.47,0.02,0.12,0.66,0.93,0.08,0.95,0.45,0.65,0.35,0.12,0.11,0.47,0.23,0.49,0.64,0.05,2.25,slaxz-,de_mirage,26,AWP,3
https://www.hltv.org/stats/players/16599/swisher?maps=de_mirage,0.85,0.74,0.5,0.74,0.72,0.82,0.19,0.62,0.23,0.28,0.08,0.13,0.19,0.19,0.15,0.16,0.45,0.1,0.15,0.2,0.2,1.1,0.59,0.11,0.11,0.21,0.5,0.75,0.03,0.51,0.02,0.09,0.66,0.97,0.04,0.02,0.02,0.02,0.01,0.003,0.004,0.69,0.42,1.35,0.79,0.06,2.19,Swisher,de_mirage,26,Support,2
https://www.hltv.org/stats/players/17378/reck?maps=de_mirage,0.68,0.7,0.48,0.69,0.68,0.76,0.17,0.57,0.24,0.35,0.08,0.13,0.2,0.23,0.13,0.16,0.23,0.09,0.12,0.18,0.19,1.09,0.35,0.09,0.09,0.18,0.48,0.72,0.03,0.33,0.01,0.1,0.57,0.95,0.04,0.0,0.01,0.01,0.0,0.002,0.0008,0.56,0.27,0.73,0.77,0.05,2.39,reck,de_mirage,21,Support,1
https://www.hltv.org/stats/players/20104/s1n?maps=de_mirage,0.59,0.66,0.46,0.64,0.68,0.77,0.16,0.58,0.23,0.19,0.08,0.11,0.18,0.23,0.14,0.2,0.28,0.08,0.13,0.19,0.16,1.16,0.46,0.1,0.09,0.19,0.51,0.72,0.03,0.45,0.02,0.1,0.68,1.05,0.07,0.04,0.02,0.04,0.02,0.005,0.006,0.74,0.46,0.72,0.94,0.06,2.12,s1n,de_mirage,23,Support,1
https://www.hltv.org/stats/players/22921/lake?maps=de_mirage,0.98,0.81,0.52,0.86,0.78,0.91,0.22,0.73,0.24,0.48,0.11,0.14,0.18,0.26,0.23,0.14,0.28,0.1,0.13,0.16,0.22,1.12,0.9,0.17,0.15,0.32,0.52,0.74,0.03,0.36,0.02,0.08,0.38,0.93,0.04,0.01,0.01,0.01,0.01,0.004,0.001,0.38,0.39,0.24,0.47,0.03,2.1,Lake,de_mirage,20,Entry,2
https://www.hltv.org/stats/players/9219/felps?maps=de_mirage,0.93,0.78,0.51,0.77,0.71,0.86,0.2,0.64,0.22,0.36,0.09,0.13,0.19,0.21,0.16,0.14,0.18,0.09,0.12,0.16,0.18,1.09,0.84,0.14,0.13,0.27,0.51,0.75,0.03,0.24,0.01,0.07,0.53,0.93,0.06,0.04,0.03,0.03,0.02,0.007,0.006,0.44,0.31,0.74,0.63,0.02,1.56,felps,de_mirage,28,Entry,2
https://www.hltv.org/stats/players/12822/vini?maps=de_mirage,0.51,0.66,0.45,0.64,0.67,0.73,0.16,0.55,0.21,0.45,0.09,0.14,0.21,0.26,0.14,0.2,0.25,0.09,0.12,0.18,0.18,1.12,0.46,0.09,0.1,0.19,0.48,0.77,0.03,0.41,0.02,0.08,0.69,1.02,0.05,0.02,0.01,0.02,0.01,0.003,0.001,0.55,0.33,0.74,0.71,0.04,2.24,VINI,de_mirage,25,Support,1
https://www.hltv.org/stats/players/19869/try?maps=de_mirage,0.91,0.81,0.53,0.77,0.8,0.8,0.21,0.6,0.23,0.23,0.09,0.11,0.19,0.2,0.1,0.16,0.5,0.1,0.16,0.2,0.19,0.99,0.69,0.12,0.07,0.19,0.63,0.78,0.02,0.63,0.03,0.12,0.62,1.1,0.1,0.95,0.48,0.59,0.34,0.13,0.1,0.59,0.27,0.84,0.83,0.08,2.19,try,de_mirage,20,AWP,3
https://www.hltv.org/stats/players/20183/decenty?maps=de_mirage,0.74,0.71,0.48,0.69,0.72,0.77,0.18,0.59,0.22,0.19,0.08,0.11,0.18,0.22,0.15,0.2,0.51,0.09,0.15,0.22,0.22,1.08,0.35,0.09,0.07,0.16,0.54,0.76,0.03,0.5,0.02,0.11,0.72,1.05,0.09,0.06,0.04,0.05,0.03,0.01,0.005,0.21,0.22,0.75,0.4,0.02,2.05,decenty,de_mirage,21,Entry,1
https://www.hltv.org/stats/players/22564/noway?maps=de_mirage,0.68,0.7,0.48,0.7,0.72,0.77,0.17,0.6,0.21,0.74,0.1,0.17,0.25,0.26,0.2,0.18,0.33,0.1,0.13,0.18,0.24,1.1,0.57,0.1,0.12,0.22,0.46,0.76,0.03,0.24,0.01,0.06,0.5,1.02,0.06,0.01,0.01,0.02,0.01,0.001,0.002,0.47,0.42,0.95,0.54,0.03,1.67,noway,de_mirage,19,Entry,2
https://www.hltv.org/stats/players/12731/sdy?maps=de_mirage,0.65,0.69,0.48,0.68,0.7,0.77,0.16,0.58,0.25,0.38,0.09,0.13,0.2,0.23,0.14,0.18,0.54,0.1,0.15,0.22,0.19,1.12,0.35,0.09,0.09,0.18,0.5,0.72,0.03,0.59,0.02,0.11,0.69,1.1,0.08,0.03,0.02,0.03,0.02,0.004,0.003,0.57,0.38,0.59,0.68,0.04,1.94,sdy,de_mirage,28,Anchor,1
https://www.hltv.org/stats/players/17803/fear?maps=de_mirage,0.42,0.64,0.46,0.64,0.66,0.72,0.15,0.56,0.18,0.48,0.09,0.14,0.21,0.25,0.18,0.2,0.33,0.09,0.13,0.2,0.25,1.12,0.51,0.1,0.11,0.21,0.47,0.71,0.03,0.59,0.03,0.11,0.54,1.07,0.08,0.0,0.01,0.01,0.0,0.0008,0.0005,0.67,0.51,1.45,0.62,0.04,2.1,fear,de_mirage,24,Support,1
https://www.hltv.org/stats/players/23046/jambo?maps=de_mirage,0.83,0.75,0.51,0.73,0.76,0.78,0.19,0.61,0.21,0.1,0.09,0.09,0.15,0.18,0.15,0.18,0.47,0.1,0.15,0.2,0.24,1.04,0.78,0.13,0.08,0.21,0.62,0.71,0.02,0.7,0.03,0.14,0.57,1.1,0.08,0.92,0.35,0.46,0.27,0.09,0.08,0.44,0.26,0.77,0.56,0.05,2.48,jambo,de_mirage,20,AWP,3
https://www.hltv.org/stats/players/23413/s-chilla?maps=de_mirage,0.3,0.61,0.44,0.59,0.64,0.7,0.14,0.53,0.2,0.68,0.1,0.16,0.23,0.34,0.19,0.23,0.29,0.09,0.12,0.19,0.28,1.14,0.22,0.07,0.08,0.15,0.48,0.74,0.03,0.6,0.03,0.09,0.68,1.07,0.06,0.0,0.0,0.0,0.0,0.001,0.0,0.28,0.41,1.12,0.25,0.02,2.34,s-chilla,de_mirage,19,Support,1
https://www.hltv.org/stats/players/23414/jackasmo?maps=de_mirage,0.68,0.69,0.46,0.7,0.68,0.77,0.17,0.61,0.22,0.36,0.09,0.13,0.19,0.26,0.17,0.19,0.47,0.09,0.15,0.21,0.21,1.11,0.48,0.1,0.1,0.2,0.49,0.66,0.03,0.6,0.03,0.09,0.55,1.02,0.06,0.0,0.0,0.0,0.0,0.0004,0.0,0.53,0.36,1.03,0.61,0.04,2.33,jackasmo,de_mirage,17,Support,1
https://www.hltv.org/stats/players/23415/zerrofix?maps=de_mirage,0.31,0.62,0.44,0.62,0.63,0.68,0.15,0.53,0.2,0.74,0.11,0.16,0.23,0.32,0.17,0.2,0.55,0.1,0.14,0.22,0.3,1.08,0.38,0.09,0.1,0.19,0.46,0.75,0.02,0.21,0.007,0.08,0.61,1.03,0.07,0.03,0.02,0.03,0.01,0.004,0.002,0.32,0.39,1.16,0.41,0.01,1.96,zeRRoFIX,de_mirage,17,Support,1
https://www.hltv.org/stats/players/16147/cptkurtka023?maps=de_mirage,0.47,0.64,0.43,0.68,0.65,0.73,0.16,0.59,0.2,0.85,0.12,0.18,0.25,0.32,0.18,0.2,0.31,0.09,0.12,0.19,0.21,1.14,0.62,0.11,0.13,0.24,0.45,0.77,0.02,0.34,0.02,0.06,0.68,0.95,0.04,0.0,0.0,0.0,0.0,0.0003,0.0003,0.37,0.28,0.91,0.5,0.03,2.5,cptkurtka023,de_mirage,25,Support,1
https://www.hltv.org/stats/players/19592/headtr1ck?maps=de_mirage,0.82,0.75,0.5,0.72,0.76,0.78,0.19,0.59,0.21,0.21,0.09,0.11,0.18,0.19,0.14,0.19,0.62,0.11,0.16,0.22,0.24,1.04,0.38,0.09,0.05,0.14,0.62,0.78,0.02,0.62,0.02,0.14,0.64,1.15,0.1,0.89,0.3,0.4,0.22,0.07,0.06,0.6,0.43,1.27,0.59,0.05,2.28,headtr1ck,de_mirage,20,AWP,3
https://www.hltv.org/stats/players/20112/alex666?maps=de_mirage,0.81,0.72,0.48,0.72,0.74,0.81,0.18,0.62,0.26,0.51,0.1,0.14,0.21,0.24,0.22,0.21,0.43,0.1,0.14,0.2,0.22,1.13,0.58,0.1,0.11,0.22,0.48,0.75,0.03,0.57,0.03,0.1,0.78,1.0,0.06,0.01,0.02,0.02,0.01,0.002,0.003,0.38,0.38,0.98,0.47,0.03,2.04,alex666,de_mirage,23,Support,2
https://www.hltv.org/stats/players/21708/npl?maps=de_mirage,0.87,0.75,0.49,0.74,0.74,0.82,0.19,0.63,0.23,0.56,0.1,0.15,0.21,0.24,0.19,0.17,0.66,0.11,0.17,0.22,0.24,1.1,0.71,0.12,0.12,0.24,0.49,0.75,0.03,0.49,0.02,0.09,0.67,1.0,0.05,0.0,0.0,0.0,0.0,0.0008,0.0005,0.39,0.4,0.67,0.47,0.03,1.77,npl,de_mirage,19,Entry,2
https://www.hltv.org/stats/players/23643/esenthial?maps=de_mirage,0.15,0.57,0.41,0.53,0.59,0.62,0.14,0.46,0.2,0.71,0.11,0.15,0.23,0.32,0.14,0.24,0.33,0.09,0.12,0.2,0.27,1.08,0.24,0.08,0.1,0.17,0.43,0.72,0.02,0.64,0.03,0.12,0.69,1.03,0.07,0.0,0.0,0.01,0.0,0.0,0.0,0.14,0.22,0.4,0.31,0.02,1.89,esenthial,de_mirage,19,Support,1
https://www.hltv.org/stats/players/11840/boombl4?maps=de_mirage,0.58,0.67,0.46,0.66,0.67,0.76,0.16,0.57,0.21,0.32,0.09,0.13,0.19,0.2,0.15,0.18,0.08,0.07,0.1,0.15,0.18,1.13,0.69,0.12,0.12,0.24,0.48,0.73,0.03,0.49,0.02,0.09,0.61,1.02,0.05,0.03,0.02,0.03,0.02,0.004,0.004,0.63,0.36,0.98,0.82,0.05,2.23,Boombl4,de_mirage,26,Support,1
https://www.hltv.org/stats/players/15071/interz?maps=de_mirage,0.13,0.58,0.42,0.53,0.64,0.62,0.12,0.44,0.21,0.31,0.08,0.12,0.2,0.28,0.11,0.26,0.42,0.09,0.13,0.22,0.22,1.08,0.19,0.06,0.06,0.12,0.51,0.76,0.02,0.69,0.03,0.12,0.65,1.18,0.12,0.02,0.02,0.03,0.01,0.003,0.002,0.47,0.46,0.84,0.49,0.03,1.8,interz,de_mirage,24,Anchor,1
https://www.hltv.org/stats/players/16555/ax1le?maps=de_mirage,0.85,0.75,0.5,0.74,0.74,0.82,0.18,0.63,0.25,0.3,0.09,0.12,0.19,0.21,0.15,0.16,0.3,0.09,0.13,0.18,0.19,1.09,0.58,0.11,0.08,0.19,0.56,0.76,0.03,0.47,0.02,0.09,0.63,1.1,0.07,0.04,0.03,0.04,0.02,0.007,0.004,0.66,0.47,1.5,0.71,0.03,1.88,Ax1Le,de_mirage,22,Entry,2
https://www.hltv.org/stats/players/20447/heavygod?maps=de_mirage,0.75,0.72,0.5,0.69,0.72,0.8,0.17,0.59,0.26,0.12,0.07,0.11,0.17,0.19,0.14,0.17,0.19,0.08,0.12,0.17,0.19,1.11,0.47,0.1,0.09,0.19,0.51,0.72,0.03,0.65,0.03,0.12,0.71,1.1,0.07,0.0,0.0,0.0,0.0,0.0,0.0,0.51,0.21,0.59,0.78,0.04,2.17,HeavyGod,de_mirage,22,Entry,2
https://www.hltv.org/stats/players/21439/icy?maps=de_mirage,0.68,0.74,0.5,0.71,0.74,0.71,0.18,0.56,0.24,0.18,0.08,0.1,0.18,0.28,0.08,0.18,0.67,0.11,0.17,0.22,0.22,0.97,0.55,0.11,0.06,0.17,0.63,0.74,0.02,0.92,0.04,0.14,0.78,1.18,0.13,0.94,0.41,0.56,0.33,0.11,0.08,0.41,0.3,1.12,0.5,0.05,2.33,ICY,de_mirage,19,AWP,3
https://www.hltv.org/stats/players/7528/krimz?maps=de_mirage,0.72,0.71,0.48,0.7,0.67,0.77,0.17,0.39,0.21,0.05,0.08,0.09,0.13,0.16,0.16,0.18,0.1,0.09,0.09,0.13,0.21,0.76,0.5,0.1,0.09,0.19,0.52,0.76,0.03,0.38,0.02,0.08,0.62,0.75,0.05,0.03,0.02,0.03,0.02,0.004,0.002,0.35,0.36,0.75,0.46,0.03,1.92,KRIMZ,de_mirage,30,Entry,0
https://www.hltv.org/stats/players/8374/bodyy?maps=de_mirage,0.35,0.62,0.43,0.64,0.58,0.7,0.15,0.52,0.2,0.43,0.1,0.14,0.2,0.23,0.13,0.18,0.14,0.08,0.1,0.17,0.18,1.05,0.46,0.1,0.12,0.22,0.44,0.66,0.02,0.28,0.01,0.09,0.41,0.9,0.06,0.0,0.0,0.01,0.0,0.001,0.0,0.36,0.29,0.82,0.53,0.03,1.85,bodyy,de_mirage,28,Support,1
https://www.hltv.org/stats/players/13670/nawwk?maps=de_mirage,0.75,0.75,0.5,0.73,0.74,0.74,0.19,0.58,0.23,0.1,0.07,0.1,0.16,0.21,0.08,0.17,0.56,0.11,0.16,0.21,0.2,0.98,0.52,0.1,0.06,0.16,0.63,0.78,0.02,0.85,0.04,0.17,0.57,1.15,0.1,0.92,0.36,0.48,0.28,0.1,0.07,0.38,0.22,0.56,0.53,0.04,2.43,nawwk,de_mirage,27,AWP,3
https://www.hltv.org/stats/players/15165/blamef?maps=de_mirage,0.96,0.8,0.53,0.78,0.81,0.89,0.21,0.68,0.24,0.08,0.07,0.1,0.16,0.2,0.15,0.18,0.36,0.09,0.14,0.18,0.17,1.11,0.75,0.13,0.09,0.21,0.59,0.73,0.03,0.75,0.03,0.15,0.56,1.1,0.12,0.0,0.01,0.01,0.01,0.001,0.001,0.63,0.6,1.47,0.51,0.03,2.07,blameF,de_mirage,27,Anchor,2
https://www.hltv.org/stats/players/21062/matys?maps=de_mirage,0.96,0.8,0.51,0.83,0.76,0.87,0.21,0.7,0.26,0.7,0.11,0.16,0.22,0.26,0.16,0.14,0.4,0.11,0.14,0.18,0.18,1.09,0.9,0.15,0.11,0.26,0.57,0.73,0.03,0.26,0.01,0.05,0.84,0.97,0.05,0.0,0.0,0.0,0.0,0.0006,0.0003,0.39,0.26,0.61,0.56,0.03,2.25,MATYS,de_mirage,22,Entry,2
https://www.hltv.org/stats/players/15662/zorte?maps=de_mirage,0.68,0.72,0.49,0.69,0.74,0.73,0.18,0.56,0.24,0.16,0.08,0.1,0.18,0.19,0.09,0.18,0.49,0.1,0.15,0.21,0.18,1.02,0.68,0.12,0.07,0.19,0.61,0.75,0.02,0.68,0.03,0.14,0.61,1.1,0.1,0.93,0.38,0.53,0.3,0.1,0.09,0.58,0.25,0.53,0.92,0.08,2.29,zorte,de_mirage,26,AWP,3
https://www.hltv.org/stats/players/18506/s1ren?maps=de_mirage,0.55,0.67,0.46,0.65,0.69,0.73,0.16,0.54,0.23,0.53,0.1,0.14,0.21,0.33,0.14,0.2,0.54,0.11,0.15,0.22,0.21,1.08,0.31,0.08,0.08,0.16,0.51,0.73,0.03,0.5,0.02,0.1,0.5,1.07,0.07,0.0,0.01,0.01,0.0,0.0009,0.0,0.3,0.36,0.96,0.39,0.03,2.14,S1ren,de_mirage,22,Anchor,1
https://www.hltv.org/stats/players/21667/magnojez?maps=de_mirage,0.94,0.77,0.5,0.78,0.78,0.87,0.2,0.69,0.23,0.5,0.1,0.14,0.2,0.25,0.2,0.17,0.11,0.08,0.11,0.14,0.19,1.13,0.88,0.15,0.15,0.3,0.5,0.78,0.03,0.38,0.02,0.07,0.55,1.0,0.05,0.02,0.02,0.03,0.02,0.003,0.004,0.55,0.56,1.36,0.45,0.03,2.24,Magnojez,de_mirage,20,Entry,2
https://www.hltv.org/stats/players/12092/max?maps=de_mirage,0.67,0.69,0.47,0.7,0.69,0.79,0.17,0.61,0.24,0.44,0.1,0.14,0.2,0.24,0.15,0.17,0.37,0.1,0.13,0.2,0.18,1.15,0.68,0.11,0.12,0.24,0.48,0.74,0.03,0.32,0.01,0.09,0.72,1.0,0.06,0.0,0.0,0.0,0.0,0.0005,0.0,0.53,0.4,0.8,0.58,0.04,2.22,max,de_mirage,25,Support,2
https://www.hltv.org/stats/players/14736/dgt?maps=de_mirage,0.78,0.74,0.5,0.72,0.74,0.78,0.18,0.58,0.23,0.28,0.08,0.12,0.2,0.23,0.13,0.19,0.64,0.11,0.16,0.22,0.22,1.06,0.48,0.1,0.06,0.16,0.62,0.72,0.03,0.48,0.02,0.11,0.76,1.1,0.11,0.0,0.0,0.01,0.0,0.0009,0.0006,0.26,0.39,1.3,0.3,0.02,1.93,dgt,de_mirage,23,Anchor,2
https://www.hltv.org/stats/players/21239/martinezsa?maps=de_mirage,0.6,0.71,0.49,0.68,0.72,0.71,0.17,0.55,0.28,0.09,0.07,0.09,0.16,0.22,0.09,0.19,0.26,0.09,0.12,0.17,0.22,1.0,0.7,0.13,0.07,0.2,0.64,0.67,0.02,0.58,0.02,0.14,0.71,1.18,0.14,0.93,0.39,0.55,0.28,0.1,0.09,0.45,0.15,0.36,0.62,0.06,2.39,MartinezSa,de_mirage,24,AWP,3
https://www.hltv.org/stats/players/22613/huasopeek?maps=de_mirage,0.55,0.67,0.46,0.71,0.65,0.73,0.17,0.58,0.21,0.55,0.1,0.14,0.21,0.28,0.15,0.17,0.23,0.08,0.12,0.18,0.23,1.09,0.43,0.09,0.09,0.19,0.5,0.73,0.03,0.38,0.02,0.09,0.82,1.08,0.08,0.02,0.02,0.03,0.01,0.005,0.002,0.46,0.3,1.11,0.62,0.03,2.13,HUASOPEEK,de_mirage,21,Support,1
https://www.hltv.org/stats/players/19187/xfl0ud?maps=de_mirage,0.54,0.65,0.44,0.66,0.67,0.75,0.16,0.59,0.22,0.43,0.08,0.14,0.21,0.25,0.17,0.19,0.18,0.08,0.12,0.18,0.18,1.15,0.46,0.09,0.11,0.2,0.46,0.77,0.03,0.54,0.03,0.08,0.6,1.02,0.04,0.01,0.01,0.02,0.01,0.002,0.0004,0.62,0.48,1.02,0.61,0.03,2.21,xfl0ud,de_mirage,22,Support,1
https://www.hltv.org/stats/players/19310/lnz?maps=de_mirage,0.34,0.63,0.44,0.6,0.65,0.69,0.15,0.52,0.18,0.27,0.08,0.12,0.19,0.25,0.13,0.2,0.34,0.08,0.13,0.21,0.21,1.09,0.28,0.08,0.09,0.16,0.47,0.78,0.02,0.66,0.03,0.12,0.62,1.08,0.07,0.01,0.01,0.02,0.01,0.003,0.002,0.57,0.37,0.79,0.67,0.05,2.07,LNZ,de_mirage,22,Anchor,1
https://www.hltv.org/stats/players/20245/samey?maps=de_mirage,0.54,0.68,0.47,0.69,0.67,0.7,0.17,0.56,0.24,0.3,0.09,0.12,0.19,0.23,0.11,0.18,0.54,0.09,0.15,0.23,0.22,1.02,0.51,0.1,0.08,0.18,0.56,0.78,0.02,0.63,0.03,0.12,0.56,1.05,0.08,0.92,0.34,0.49,0.26,0.08,0.06,0.58,0.36,0.9,0.63,0.07,2.47,SaMey,de_mirage,25,AWP,3
https://www.hltv.org/stats/players/22047/yxngstxr?maps=de_mirage,0.39,0.65,0.45,0.62,0.66,0.69,0.15,0.52,0.19,0.72,0.1,0.16,0.24,0.33,0.16,0.21,0.43,0.09,0.14,0.21,0.24,1.06,0.21,0.07,0.1,0.18,0.4,0.72,0.02,0.51,0.02,0.09,0.56,1.03,0.05,0.01,0.01,0.02,0.01,0.002,0.001,0.44,0.32,0.65,0.55,0.04,2.1,yxngstxr,de_mirage,20,Support,1
https://www.hltv.org/stats/players/22361/jottaaa?maps=de_mirage,0.81,0.74,0.5,0.73,0.73,0.81,0.18,0.65,0.29,0.58,0.09,0.15,0.22,0.28,0.16,0.18,0.26,0.1,0.13,0.17,0.18,1.1,0.58,0.11,0.09,0.19,0.55,0.78,0.03,0.56,0.02,0.11,0.71,1.02,0.06,0.0,0.0,0.0,0.0,0.002,0.0,0.41,0.27,0.69,0.57,0.03,2.4,jottAAA,de_mirage,22,Entry,2
https://www.hltv.org/stats/players/9278/rez?maps=de_mirage,0.67,0.69,0.47,0.7,0.65,0.77,0.17,0.59,0.18,0.39,0.09,0.13,0.2,0.25,0.15,0.17,0.3,0.09,0.13,0.19,0.18,1.1,0.58,0.11,0.11,0.21,0.5,0.72,0.03,0.38,0.02,0.09,0.62,1.03,0.05,0.05,0.03,0.04,0.02,0.008,0.004,0.47,0.34,0.65,0.64,0.02,1.63,REZ,de_mirage,27,Entry,1
https://www.hltv.org/stats/players/16811/mistem?maps=de_mirage,0.6,0.68,0.46,0.67,0.65,0.74,0.17,0.57,0.2,0.31,0.09,0.13,0.19,0.21,0.12,0.16,0.17,0.08,0.12,0.17,0.16,1.09,0.62,0.11,0.12,0.23,0.46,0.77,0.02,0.47,0.02,0.09,0.64,0.92,0.04,0.01,0.01,0.01,0.01,0.002,0.002,0.59,0.28,0.5,0.89,0.06,2.26,MisteM,de_mirage,23,Support,1
https://www.hltv.org/stats/players/17937/isak?maps=de_mirage,0.35,0.63,0.44,0.64,0.63,0.7,0.15,0.55,0.2,0.2,0.08,0.12,0.18,0.18,0.13,0.2,0.21,0.08,0.12,0.19,0.19,1.12,0.24,0.08,0.08,0.15,0.49,0.74,0.02,0.44,0.02,0.11,0.62,1.05,0.07,0.05,0.03,0.05,0.02,0.008,0.007,0.35,0.4,0.92,0.4,0.03,2.13,isak,de_mirage,23,Anchor,1
https://www.hltv.org/stats/players/20425/r1nkle?maps=de_mirage,0.85,0.77,0.52,0.78,0.74,0.79,0.19,0.63,0.22,0.09,0.08,0.1,0.16,0.16,0.1,0.14,0.48,0.1,0.16,0.2,0.2,1.02,0.79,0.13,0.09,0.22,0.59,0.74,0.02,0.6,0.02,0.15,0.49,1.08,0.12,0.94,0.4,0.52,0.33,0.11,0.11,0.5,0.3,0.77,0.6,0.06,2.47,r1nkle,de_mirage,20,AWP,3
https://www.hltv.org/stats/players/8565/hen1?maps=de_mirage,0.62,0.7,0.49,0.67,0.7,0.74,0.17,0.52,0.21,0.11,0.08,0.1,0.16,0.2,0.12,0.2,0.28,0.09,0.13,0.18,0.21,0.99,0.53,0.1,0.07,0.17,0.6,0.76,0.02,0.64,0.03,0.14,0.57,1.05,0.1,0.93,0.37,0.52,0.28,0.1,0.08,0.56,0.3,0.77,0.79,0.05,1.89,HEN1,de_mirage,29,AWP,3
https://www.hltv.org/stats/players/9216/coldzera?maps=de_mirage,0.87,0.76,0.51,0.73,0.72,0.8,0.19,0.55,0.25,0.1,0.07,0.1,0.16,0.21,0.12,0.18,0.27,0.09,0.13,0.17,0.18,0.98,0.37,0.09,0.07,0.16,0.55,0.74,0.03,0.58,0.03,0.11,0.56,1.03,0.09,0.11,0.06,0.08,0.05,0.02,0.01,0.45,0.24,0.69,0.71,0.02,1.52,coldzera,de_mirage,30,Entry,2
https://www.hltv.org/stats/players/21288/venomzera?maps=de_mirage,0.82,0.73,0.48,0.74,0.74,0.8,0.19,0.63,0.27,0.53,0.1,0.14,0.21,0.29,0.15,0.18,0.36,0.1,0.13,0.18,0.18,1.09,0.72,0.12,0.12,0.24,0.5,0.7,0.03,0.56,0.03,0.09,0.59,1.02,0.06,0.0,0.0,0.0,0.0,0.0003,0.0,0.5,0.27,0.62,0.72,0.03,2.0,venomzera,de_mirage,20,Entry,2
https://www.hltv.org/stats/players/9911/kreaz?maps=de_mirage,0.59,0.68,0.47,0.66,0.64,0.76,0.16,0.56,0.19,0.31,0.09,0.12,0.19,0.24,0.15,0.19,0.34,0.09,0.13,0.2,0.22,1.11,0.36,0.09,0.1,0.18,0.47,0.79,0.03,0.66,0.03,0.13,0.64,1.05,0.08,0.06,0.04,0.06,0.03,0.008,0.005,0.61,0.41,0.92,0.7,0.04,2.09,kreaz,de_mirage,26,Anchor,1
https://www.hltv.org/stats/players/12945/blytz?maps=de_mirage,0.81,0.73,0.49,0.72,0.72,0.81,0.18,0.62,0.23,0.61,0.1,0.15,0.22,0.25,0.16,0.16,0.43,0.1,0.14,0.2,0.19,1.11,0.77,0.13,0.12,0.25,0.51,0.69,0.03,0.32,0.02,0.07,0.6,0.98,0.06,0.01,0.01,0.02,0.01,0.002,0.001,0.55,0.37,0.77,0.64,0.04,2.35,Blytz,de_mirage,24,Entry,2
https://www.hltv.org/stats/players/19069/forsyy?maps=de_mirage,0.83,0.76,0.51,0.73,0.78,0.78,0.19,0.59,0.22,0.11,0.07,0.1,0.17,0.18,0.12,0.19,0.45,0.1,0.15,0.19,0.22,1.02,0.68,0.12,0.07,0.19,0.64,0.74,0.02,0.8,0.03,0.16,0.68,1.15,0.13,0.94,0.43,0.56,0.33,0.12,0.09,0.47,0.3,0.81,0.59,0.05,2.19,forsyy,de_mirage,23,AWP,3
https://www.hltv.org/stats/players/19594/nbqq?maps=de_mirage,0.7,0.71,0.48,0.7,0.69,0.77,0.18,0.58,0.22,0.38,0.09,0.13,0.2,0.23,0.15,0.18,0.27,0.08,0.13,0.18,0.22,1.09,0.43,0.09,0.1,0.19,0.5,0.72,0.03,0.37,0.02,0.09,0.67,1.02,0.06,0.02,0.02,0.03,0.01,0.003,0.005,0.2,0.28,0.78,0.34,0.02,2.2,nbqq,de_mirage,27,Entry,1
https://www.hltv.org/stats/players/19815/dytor?maps=de_mirage,0.8,0.72,0.48,0.74,0.71,0.8,0.18,0.63,0.22,0.4,0.09,0.14,0.2,0.21,0.17,0.16,0.38,0.1,0.14,0.19,0.2,1.11,0.65,0.11,0.11,0.22,0.51,0.72,0.03,0.39,0.02,0.07,0.63,0.98,0.05,0.0,0.01,0.01,0.01,0.001,0.002,0.27,0.34,0.95,0.38,0.02,2.08,Dytor,de_mirage,22,Entry,2
https://www.hltv.org/stats/players/7028/summer?maps=de_mirage,0.75,0.72,0.49,0.69,0.67,0.79,0.17,0.56,0.21,0.42,0.09,0.14,0.21,0.21,0.14,0.17,0.36,0.09,0.14,0.2,0.18,1.05,0.51,0.1,0.09,0.19,0.54,0.76,0.03,0.58,0.03,0.1,0.71,0.97,0.04,0.11,0.07,0.09,0.05,0.02,0.01,0.69,0.47,0.85,0.79,0.03,1.94,Summer,de_mirage,27,Entry,2
https://www.hltv.org/stats/players/8605/somebody?maps=de_mirage,0.76,0.72,0.48,0.69,0.69,0.77,0.18,0.54,0.22,0.37,0.08,0.13,0.2,0.23,0.12,0.18,0.14,0.07,0.12,0.16,0.18,1.02,0.72,0.12,0.11,0.22,0.53,0.78,0.03,0.59,0.03,0.11,0.64,0.87,0.04,0.14,0.08,0.11,0.06,0.02,0.02,0.46,0.26,0.43,0.7,0.03,1.58,somebody,de_mirage,29,Entry,2
https://www.hltv.org/stats/players/8950/kaze?maps=de_mirage,0.83,0.76,0.5,0.75,0.73,0.78,0.19,0.59,0.21,0.17,0.08,0.11,0.17,0.23,0.11,0.17,0.47,0.1,0.15,0.2,0.2,1.02,0.62,0.11,0.07,0.18,0.63,0.75,0.02,0.69,0.03,0.14,0.57,0.97,0.09,0.93,0.39,0.51,0.28,0.1,0.08,0.55,0.25,0.72,0.75,0.06,2.27,kaze,de_mirage,30,AWP,3
https://www.hltv.org/stats/players/19681/childking?maps=de_mirage,0.76,0.72,0.49,0.7,0.72,0.79,0.18,0.59,0.23,0.54,0.09,0.15,0.22,0.29,0.16,0.18,0.37,0.09,0.14,0.19,0.2,1.1,0.61,0.11,0.11,0.22,0.5,0.66,0.03,0.54,0.03,0.1,0.79,1.0,0.06,0.05,0.03,0.04,0.02,0.008,0.004,0.55,0.3,0.37,0.84,0.04,2.11,ChildKing,de_mirage,25,Support,2
https://www.hltv.org/stats/players/21825/l1hang?maps=de_mirage,0.87,0.75,0.5,0.73,0.74,0.82,0.19,0.62,0.26,0.31,0.09,0.12,0.19,0.25,0.2,0.19,0.67,0.13,0.16,0.21,0.27,1.1,0.56,0.1,0.11,0.21,0.49,0.73,0.03,0.22,0.008,0.09,0.42,0.98,0.05,0.0,0.0,0.0,0.0,0.0,0.0,0.63,0.54,0.66,0.56,0.04,2.36,L1haNg,de_mirage,21,Support,2
https://www.hltv.org/stats/players/16080/dycha?maps=de_mirage,0.85,0.74,0.49,0.74,0.73,0.83,0.18,0.65,0.26,0.33,0.08,0.13,0.2,0.21,0.15,0.16,0.24,0.08,0.13,0.18,0.18,1.13,0.61,0.11,0.1,0.21,0.52,0.71,0.03,0.38,0.02,0.08,0.63,1.0,0.06,0.03,0.02,0.03,0.02,0.006,0.005,0.64,0.48,1.07,0.6,0.04,2.49,dycha,de_mirage,27,Entry,2
https://www.hltv.org/stats/players/16848/hades?maps=de_mirage,0.7,0.73,0.5,0.72,0.72,0.73,0.18,0.57,0.21,0.15,0.08,0.11,0.17,0.21,0.09,0.16,0.25,0.08,0.13,0.18,0.18,0.99,0.73,0.12,0.07,0.2,0.62,0.74,0.02,0.58,0.02,0.13,0.67,1.08,0.08,0.94,0.42,0.57,0.34,0.12,0.1,0.45,0.18,0.32,0.62,0.05,2.39,hades,de_mirage,25,AWP,3
https://www.hltv.org/stats/players/17504/kei?maps=de_mirage,0.69,0.69,0.47,0.72,0.67,0.79,0.17,0.63,0.21,0.23,0.08,0.12,0.18,0.18,0.15,0.16,0.22,0.08,0.12,0.18,0.16,1.15,0.65,0.11,0.11,0.22,0.5,0.71,0.03,0.45,0.02,0.1,0.63,1.0,0.05,0.0,0.01,0.01,0.01,0.001,0.002,0.48,0.3,0.59,0.64,0.03,2.23,KEi,de_mirage,23,Entry,2
https://www.hltv.org/stats/players/19733/demqq?maps=de_mirage,0.53,0.67,0.47,0.65,0.68,0.74,0.16,0.56,0.23,0.33,0.09,0.13,0.19,0.24,0.14,0.18,0.3,0.09,0.13,0.19,0.19,1.1,0.45,0.1,0.1,0.2,0.49,0.7,0.03,0.44,0.02,0.1,0.55,1.05,0.06,0.04,0.03,0.04,0.02,0.005,0.004,0.55,0.35,0.6,0.64,0.05,2.44,DemQQ,de_mirage,23,Support,1
https://www.hltv.org/stats/players/20282/krasnal?maps=de_mirage,0.53,0.66,0.46,0.64,0.67,0.74,0.16,0.56,0.19,0.66,0.1,0.15,0.23,0.3,0.15,0.18,0.28,0.09,0.13,0.19,0.21,1.11,0.35,0.09,0.08,0.17,0.51,0.73,0.03,0.43,0.02,0.08,0.59,1.02,0.05,0.01,0.01,0.02,0.01,0.001,0.001,0.47,0.42,0.88,0.52,0.03,1.92,kRaSnaL,de_mirage,21,Support,1
https://www.hltv.org/stats/players/20387/xant3r?maps=de_mirage,0.38,0.63,0.45,0.63,0.62,0.71,0.14,0.55,0.21,0.23,0.07,0.13,0.18,0.19,0.16,0.19,0.14,0.08,0.11,0.17,0.22,1.13,0.24,0.08,0.11,0.18,0.41,0.71,0.03,0.52,0.02,0.11,0.71,1.03,0.05,0.03,0.01,0.02,0.02,0.005,0.002,0.54,0.55,1.26,0.45,0.03,2.26,Xant3r,de_mirage,21,Anchor,1
https://www.hltv.org/stats/players/21266/1eer?maps=de_mirage,0.2,0.58,0.41,0.59,0.59,0.65,0.14,0.5,0.2,0.52,0.1,0.14,0.21,0.25,0.14,0.2,0.16,0.08,0.1,0.18,0.23,1.13,0.34,0.09,0.11,0.2,0.44,0.68,0.02,0.32,0.01,0.1,0.39,1.07,0.06,0.0,0.0,0.01,0.0,0.0005,0.0,0.47,0.36,0.59,0.54,0.04,2.37,1eeR,de_mirage,23,Support,1
https://www.hltv.org/stats/players/22460/riskyb0b?maps=de_mirage,0.74,0.71,0.48,0.72,0.71,0.8,0.17,0.61,0.28,0.38,0.09,0.13,0.19,0.28,0.2,0.18,0.42,0.1,0.14,0.2,0.24,1.13,0.57,0.11,0.09,0.2,0.54,0.7,0.03,0.49,0.02,0.1,0.75,1.07,0.04,0.1,0.06,0.08,0.04,0.01,0.009,0.55,0.67,1.77,0.42,0.02,2.15,riskyb0b,de_mirage,22,Anchor,2
https://www.hltv.org/stats/players/23317/khan?maps=de_mirage,0.75,0.74,0.49,0.78,0.72,0.74,0.19,0.6,0.25,0.29,0.1,0.11,0.18,0.23,0.12,0.16,0.54,0.1,0.15,0.2,0.28,0.99,0.83,0.14,0.09,0.23,0.6,0.74,0.02,0.71,0.03,0.13,0.62,1.08,0.09,0.93,0.37,0.49,0.26,0.1,0.09,0.35,0.26,0.78,0.49,0.05,2.11,khaN,de_mirage,21,AWP,3
https://www.hltv.org/stats/players/23685/zweih?maps=de_mirage,0.8,0.72,0.48,0.74,0.68,0.8,0.18,0.64,0.23,0.24,0.09,0.12,0.17,0.25,0.18,0.17,0.33,0.09,0.13,0.18,0.23,1.11,0.46,0.1,0.09,0.19,0.52,0.73,0.03,0.34,0.01,0.1,0.57,1.05,0.05,0.0,0.01,0.01,0.01,0.001,0.0,0.46,0.27,0.41,0.58,0.04,2.67,zweih,de_mirage,17,Support,2
https://www.hltv.org/stats/players/7412/gla1ve?maps=de_mirage,0.42,0.64,0.44,0.64,0.6,0.73,0.15,0.53,0.18,0.19,0.08,0.12,0.17,0.2,0.16,0.18,0.09,0.07,0.1,0.16,0.2,1.07,0.52,0.1,0.12,0.22,0.45,0.72,0.03,0.36,0.02,0.08,0.54,0.93,0.05,0.03,0.02,0.03,0.01,0.004,0.004,0.7,0.46,0.83,0.88,0.04,1.64,gla1ve,de_mirage,29,Support,1
https://www.hltv.org/stats/players/21815/podi?maps=de_mirage,0.84,0.77,0.53,0.74,0.76,0.78,0.19,0.59,0.21,0.13,0.08,0.1,0.17,0.19,0.11,0.16,0.42,0.09,0.15,0.19,0.21,1.01,0.63,0.12,0.06,0.18,0.64,0.73,0.02,0.58,0.02,0.17,0.47,1.12,0.13,0.93,0.39,0.5,0.3,0.1,0.08,0.62,0.32,0.9,0.76,0.08,2.45,podi,de_mirage,20,AWP,3
https://www.hltv.org/stats/players/21972/neityu?maps=de_mirage,0.34,0.61,0.42,0.66,0.6,0.68,0.16,0.53,0.23,0.66,0.11,0.15,0.21,0.34,0.16,0.19,0.17,0.08,0.1,0.16,0.28,1.11,0.5,0.1,0.11,0.21,0.47,0.67,0.02,0.22,0.005,0.1,0.0,1.02,0.09,0.01,0.01,0.01,0.0,0.003,0.0,0.41,0.27,0.0,0.58,0.03,2.61,Neityu,de_mirage,19,Support,1
https://www.hltv.org/stats/players/23372/xkacpersky?maps=de_mirage,0.6,0.67,0.45,0.73,0.63,0.78,0.16,0.65,0.16,0.37,0.09,0.14,0.18,0.19,0.21,0.16,0.33,0.1,0.12,0.18,0.22,1.17,0.75,0.12,0.15,0.27,0.44,0.78,0.03,0.44,0.02,0.08,0.25,0.92,0.02,0.0,0.0,0.0,0.0,0.0,0.0,0.27,0.45,0.52,0.25,0.007,1.88,xKacpersky,de_mirage,18,Entry,2
